Date	Open	High	Low	Close
2008.01.02	33,09	33,37	32,68	33,09
2008.01.03	32,98	33,19	32,55	32,56
2008.01.04	32,58	32,84	30,77	30,96
2008.01.07	30,98	31,07	29,9	30,05
2008.01.08	30,54	32,18	30,52	31,7
2008.01.09	31,61	32,3	31,28	32,3
2008.01.10	32,32	32,51	31,33	31,99
2008.01.11	31,65	32,06	31,02	31,02
2008.01.14	31,35	31,46	30,7	30,96
2008.01.15	30,55	30,69	29,48	29,6
2008.01.16	29,11	29,67	27,93	28,48
2008.01.17	28,48	28,87	26,92	27,05
2008.01.18	27,64	27,93	26,4	27,42
2008.01.21	25,85	26	25,28	25,38
2008.01.22	26,16	27,95	25,7	27,86
2008.01.23	27,28	27,53	26,24	27,38
2008.01.24	28,45	29,38	27,93	29,3
2008.01.28	28,65	30,88	28,64	30,88
2008.01.29	31,18	31,46	30,4	30,85
2008.01.30	30,47	31,55	30,37	31,55
2008.01.31	30,59	30,74	29,9	30,7
2008.02.01	31,48	31,5	30,47	31,2
2008.02.06	30,15	30,42	29,94	30,09
2008.02.07	30,06	31,35	29,92	31,02
2008.02.08	31,04	31,58	30,91	31,23
2008.02.11	31,54	32,02	31,34	31,76
2008.02.12	32,23	32,51	31,77	31,82
2008.02.13	32	32,44	31,77	32,29
2008.02.14	32,57	32,69	31,83	31,89
2008.02.15	31,63	31,86	31,3	31,62
2008.02.18	32,19	32,44	31,89	32,44
2008.02.19	32,65	32,99	32,38	32,57
2008.02.20	32,19	32,83	32,19	32,65
2008.02.21	32,95	32,95	32,06	32,08
2008.02.22	32,38	32,43	31,49	32,19
2008.02.25	32,07	32,22	31,71	32,17
2008.02.26	31,98	32,64	31,65	32,23
2008.02.27	32,07	32,96	31,92	32,72
2008.02.28	32,83	33,01	32,55	32,9
2008.02.29	32,45	32,65	31,1	31,1
2008.03.03	31,23	31,58	30,28	30,89
2008.03.04	30,48	30,74	29,71	30,03
2008.03.05	30,4	30,99	30,13	30,78
2008.03.06	30,74	31,1	30,17	30,17
2008.03.07	29,83	30,36	29,52	29,84
2008.03.10	29,85	30,12	29,24	29,29
2008.03.11	30,1	30,46	29,44	30,44
2008.03.12	30,51	30,74	30,12	30,29
2008.03.13	29,78	29,97	29,21	29,89
2008.03.14	30,16	30,2	29,02	29,3
2008.03.17	28,29	28,65	27,74	28,19
2008.03.18	28,65	28,85	28,18	28,62
2008.03.19	28,6	28,87	26,5	26,5
2008.03.20	26,23	26,65	25,77	26,5
2008.03.24	26,69	27,42	26,48	26,73
2008.03.25	27,3	28,26	26,96	28,14
2008.03.26	28,33	28,84	27,74	28,6
2008.03.27	28,73	28,95	27,76	27,92
2008.03.28	27,99	28,26	27,59	27,73
2008.03.31	28,1	28,44	27,57	28,25
2008.04.01	28,63	28,93	28,07	28,93
2008.04.02	29	29,89	28,83	29,7
2008.04.03	29,57	30,59	29,41	30,05
2008.04.04	30,13	30,65	29,99	30,16
2008.04.07	30,47	30,87	29,76	30,06
2008.04.08	29,83	30,63	29,61	30,63
2008.04.09	30,46	30,99	30,33	30,64
2008.04.10	30,7	30,94	30,25	30,76
2008.04.11	30,48	30,58	29,99	30,07
2008.04.14	29,86	32,35	29,49	31,77
2008.04.15	31,62	32,43	31,3	32,14
2008.04.16	32,19	32,54	31,48	31,93
2008.04.17	31,64	32,58	31,59	32,58
2008.04.18	32,74	32,9	32,13	32,66
2008.04.22	33,12	33,48	32,83	33
2008.04.23	33,04	33,31	32,45	32,55
2008.04.24	32,51	32,65	31,62	31,85
2008.04.25	32,16	32,49	31,75	32,28
2008.04.28	32,61	32,9	32,28	32,61
2008.04.29	32,59	32,59	31,18	31,32
2008.04.30	31,66	33,08	31,01	32,31
2008.05.02	33,85	33,85	32,51	32,93
2008.05.05	33,08	33,69	32,78	33,58
2008.05.06	33,42	34,46	33,23	34,46
2008.05.07	34,53	34,92	33,99	34,34
2008.05.08	34,46	34,76	33,92	34,46
2008.05.09	34,27	34,97	33,96	34,97
2008.05.12	35,06	35,26	34,47	35,03
2008.05.13	36,13	36,14	35,68	35,95
2008.05.14	35,84	36,14	35,38	35,45
2008.05.15	35,61	36,08	35,29	36,07
2008.05.16	36,4	36,91	36,23	36,87
2008.05.19	36,98	38,36	36,88	38,29
2008.05.20	37,9	39,56	37,75	39,56
2008.05.21	40,26	41,1	39,78	40,21
2008.05.23	39,14	39,36	38,36	38,72
2008.05.26	39,06	39,7	38,86	39,49
2008.05.27	39,57	39,59	37,87	38,21
2008.05.28	38,29	39,05	37,44	39,04
2008.05.29	38,93	39,44	37,78	37,78
2008.05.30	39,03	39,03	37,52	37,52
2008.06.02	37,44	38,49	36,99	38,13
2008.06.03	38,06	38,06	36,27	36,33
2008.06.04	35,99	36,03	34,36	34,67
2008.06.05	35,2	36,41	34,74	36,41
2008.06.06	36,72	37,6	35,99	36,44
2008.06.09	36,76	36,83	35,78	36,36
2008.06.10	35,84	36,22	34,62	35,22
2008.06.11	35,22	35,66	34,76	34,76
2008.06.12	34,99	35,45	34,31	34,41
2008.06.13	35,14	35,49	34,81	35,15
2008.06.16	35,25	35,68	34,99	35,07
2008.06.17	35,49	35,68	35,08	35,42
2008.06.18	35,12	35,3	34,49	34,76
2008.06.19	34,77	34,8	33,46	33,62
2008.06.20	33,62	33,92	32,93	33,03
2008.06.23	33,16	34	33,03	33,61
2008.06.24	33,43	34,23	33,35	33,52
2008.06.25	33,78	34,69	33,04	34,42
2008.06.26	33,69	34,6	33,5	34,38
2008.06.27	34,53	34,84	34,04	34,69
2008.06.30	34,99	35,7	34,86	35,38
2008.07.01	34,84	35,81	34,75	35,29
2008.07.02	35,48	35,87	33,54	33,68
2008.07.03	33,89	34,23	32,38	32,58
2008.07.04	32,51	33,3	32,16	33,08
2008.07.07	33,53	33,67	32,02	32,11
2008.07.08	31,85	32,11	30,63	31,1
2008.07.10	30,55	30,97	29,88	30,67
2008.07.11	30,74	31,59	30,62	31,09
2008.07.14	31,47	31,54	31,17	31,3
2008.07.15	31,01	31,36	30,29	31,05
2008.07.16	31,39	31,39	30,02	30,45
2008.07.17	30,62	30,77	28,72	28,94
2008.07.18	29,09	29,67	28,64	29,25
2008.07.21	29,63	29,85	29,15	29,68
2008.07.22	29,25	29,47	28,49	28,66
2008.07.23	28,62	28,79	27,6	27,64
2008.07.24	27,64	27,95	26,32	26,42
2008.07.25	26,34	26,75	25,72	26,42
2008.07.28	26,93	27,4	26,69	26,69
2008.07.29	26,92	27,26	26,22	26,65
2008.07.30	26,88	28,01	26,58	27,95
2008.07.31	27,72	28,24	27,21	27,49
2008.08.01	27,38	27,62	26,33	26,43
2008.08.04	26,42	26,46	24,93	25,19
2008.08.05	25,5	25,6	24,35	24,66
2008.08.06	25,18	25,94	24,81	25,5
2008.08.07	26,03	26,71	25,57	25,93
2008.08.08	25,77	26,15	25,09	25,69
2008.08.11	25,88	26,13	24,77	25,04
2008.08.12	25,42	25,88	25,11	25,32
2008.08.13	24,73	26,35	24,53	25,84
2008.08.14	26,19	26,19	25,28	25,61
2008.08.15	25,26	25,46	24,73	25,02
2008.08.18	25,12	25,38	24,17	24,26
2008.08.19	23,74	25,42	23,59	24,99
2008.08.20	25,46	26,34	25,32	26,2
2008.08.21	26,42	27,34	26,42	27,1
2008.08.22	27,1	27,51	26,39	27,02
2008.08.25	26,65	26,95	25,89	25,89
2008.08.26	25,84	26,58	25,63	26,18
2008.08.27	26,79	27,09	26,57	26,95
2008.08.28	27,51	27,57	26,69	27,07
2008.08.29	27,45	27,52	26,72	26,72
2008.09.01	26,64	26,64	25,97	26,2
2008.09.02	25,51	26	25,19	25,35
2008.09.03	25,54	25,73	24,5	24,96
2008.09.04	25,12	25,29	23,81	24,08
2008.09.05	23,55	24,4	23,16	24,4
2008.09.08	25,27	25,42	23,17	23,17
2008.09.09	22,79	23,03	21,69	21,71
2008.09.10	22,36	22,4	20,57	21,96
2008.09.11	22,21	24,04	21,82	24,04
2008.09.12	24,25	25,39	23,89	25,27
2008.09.15	23,42	24,26	22,82	22,82
2008.09.16	21,82	24,06	21,37	23,97
2008.09.17	23,81	24,3	22,67	22,82
2008.09.18	23,74	25,25	23,06	24,66
2008.09.19	26,57	27,18	25,27	26,79
2008.09.22	27,09	27,86	26,51	26,72
2008.09.23	26,42	26,98	24,93	25,46
2008.09.24	26,11	26,84	25,95	26,41
2008.09.25	26,95	27,63	26,74	27,6
2008.09.26	26,72	27,21	26,3	27,13
2008.09.29	26,04	26,55	22,97	25,08
2008.09.30	25,37	26,88	24,62	26,88
2008.10.01	26,8	27,02	25,5	26,72
2008.10.02	26	26,49	23,98	24,54
2008.10.03	25,12	26,04	23,43	23,74
2008.10.06	21,74	23,24	19,14	22,97
2008.10.07	22,74	23,7	20,9	21,67
2008.10.08	20,45	22,21	19,82	20,45
2008.10.09	21,75	21,82	19,61	19,82
2008.10.10	17,62	19,18	17,54	18,38
2008.10.13	20,14	20,6	19,01	20,6
2008.10.14	21,75	22,21	20,16	20,9
2008.10.15	19,91	20,06	17,54	18,38
2008.10.16	18,39	18,53	16,16	17
2008.10.17	17,18	18,46	16,46	17,6
2008.10.20	18,06	19,6	18	19,44
2008.10.21	18,98	19,76	18,48	19,14
2008.10.22	18,07	18,64	17,47	17,77
2008.10.23	17,52	18,14	16,69	17,38
2008.10.24	15,88	16,85	15,32	15,62
2008.10.27	15,37	15,41	13,87	13,87
2008.10.28	14,93	15,35	13,63	15,35
2008.10.29	15,71	16,84	15,42	16,39
2008.10.30	17,08	17,59	16,85	17,5
2008.10.31	17,04	18,29	16,74	17,85
2008.11.03	18,15	18,32	17,5	17,72
2008.11.04	18,22	19,55	18	19,22
2008.11.05	19,14	19,66	18,39	18,57
2008.11.06	17,96	18,49	17,01	17,54
2008.11.07	17,92	18,36	17,37	17,81
2008.11.10	18,84	19,14	17,96	18,34
2008.11.11	17,84	18,53	17,57	18,31
2008.11.12	17,46	17,73	15,79	15,79
2008.11.13	15,85	16,53	15,22	16,16
2008.11.14	16,53	16,63	15,53	15,9
2008.11.17	15,31	15,93	15,17	15,66
2008.11.18	15,24	15,66	14,55	14,74
2008.11.19	14,7	15,06	14,17	14,17
2008.11.21	13,22	13,77	12,83	12,93
2008.11.24	13,79	14,81	13,67	14,73
2008.11.25	14,43	15,3	14,25	14,82
2008.11.26	14,46	15,9	14,4	15,71
2008.11.27	15,44	15,9	15,28	15,28
2008.11.28	15,16	15,74	14,83	15,36
2008.12.01	14,73	14,92	14,09	14,09
2008.12.02	14,32	14,52	13,86	14,01
2008.12.03	14,01	14,88	13,57	14,79
2008.12.04	15,01	15,01	14,24	14,24
2008.12.05	13,93	14,06	13,29	13,91
2008.12.08	14,66	15,54	14,59	15,48
2008.12.09	15,46	16,04	15,27	15,4
2008.12.10	15,84	16,95	15,81	16,8
2008.12.11	17	17,98	16,88	17,1
2008.12.12	16,23	17,44	16,16	17,31
2008.12.15	17,71	18,34	17,31	17,54
2008.12.16	18,13	18,32	17,93	18,22
2008.12.17	18,36	18,95	18,11	18,65
2008.12.18	18,76	18,91	17,8	17,99
2008.12.19	17,65	18,13	17,48	17,88
2008.12.22	17,99	18,23	16,95	16,95
2008.12.23	17,04	17,31	16,72	16,85
2008.12.26	17,21	17,46	16,99	17,46
2008.12.29	18,21	18,25	17,54	17,87
2008.12.30	18,01	18,33	17,65	18,13
2009.01.02	18,47	19,5	18,41	19,47
2009.01.05	19,35	20,24	19,07	19,92
2009.01.06	20,24	20,55	19,89	20,2
2009.01.07	19,68	19,83	19,15	19,4
2009.01.08	19,32	20,24	18,92	20,24
2009.01.09	20,08	20,62	19,92	20,16
2009.01.12	19,63	19,79	18,82	18,85
2009.01.13	18,53	19,58	18,35	19,01
2009.01.14	18,82	19,26	18,27	18,49
2009.01.15	18,53	19,13	17,87	19,13
2009.01.16	19,61	19,64	18,89	19,27
2009.01.19	19,32	19,41	18,77	18,91
2009.01.20	18,77	19,13	18,3	18,3
2009.01.21	18,42	19,25	18,42	19,25
2009.01.22	19,41	19,48	18,45	18,76
2009.01.23	18,25	19,18	18,04	18,72
2009.01.26	18,65	19,28	18,45	18,89
2009.01.27	18,9	19,12	18,78	18,97
2009.01.28	19,36	20,12	19,32	20
2009.01.29	19,74	20,03	19,61	19,86
2009.01.30	19,68	20,47	19,64	19,86
2009.02.02	19,48	19,98	19,45	19,59
2009.02.03	19,76	20,32	19,68	20,3
2009.02.04	20,53	21,08	20,28	20,4
2009.02.05	20,36	20,91	20,07	20,63
2009.02.06	20,87	21,66	20,68	21,51
2009.02.09	21,43	22,34	21,35	21,74
2009.02.10	22,06	22,34	21,35	21,47
2009.02.11	21,48	21,97	20,95	21,35
2009.02.12	21,11	21,61	20,7	21,26
2009.02.13	21,93	22,05	21,43	21,9
2009.02.16	21,74	22,16	21,59	22,16
2009.02.17	21,43	21,59	20,9	20,95
2009.02.18	21,2	21,4	20,26	20,55
2009.02.19	20,79	21,13	20,67	20,87
2009.02.20	20,28	20,7	20,02	20,46
2009.02.25	20,08	21,25	20,08	20,83
2009.02.26	21,27	21,67	21,05	21,05
2009.02.27	20,63	21,7	20,44	20,95
2009.03.02	20,59	20,83	19,76	19,86
2009.03.03	20,2	20,24	19,24	19,68
2009.03.04	20,55	21,13	20,36	20,93
2009.03.05	20,47	21,15	20,33	20,63
2009.03.06	20,84	21,34	19,78	20,37
2009.03.09	19,96	20,95	19,93	20,4
2009.03.10	20,93	21,59	20,77	21,48
2009.03.11	21,67	21,88	21,16	21,59
2009.03.12	21,65	21,94	21,28	21,86
2009.03.13	22,13	22,21	21,78	21,98
2009.03.16	22,11	22,19	21,37	21,58
2009.03.17	21,58	22,25	21,27	22,2
2009.03.18	21,92	22,67	21,64	22,46
2009.03.19	22,8	23,43	22,79	23,21
2009.03.20	23,21	23,98	22,83	23,09
2009.03.23	23,74	24,63	23,74	24,49
2009.03.24	24,24	24,47	23,78	24,09
2009.03.25	24,14	24,5	23,55	24,15
2009.03.26	24,48	24,64	23,9	24,1
2009.03.27	23,65	23,69	23,24	23,49
2009.03.30	22,9	22,95	22,51	22,84
2009.03.31	23,09	23,17	22,55	22,66
2009.04.01	22,3	23,33	22,18	23,33
2009.04.02	24,01	24,51	23,93	24,2
2009.04.03	24,13	24,31	23,75	24,13
2009.04.06	23,92	24,05	23,73	24,04
2009.04.07	23,73	24,14	23,7	23,78
2009.04.08	23,85	23,92	23,42	23,71
2009.04.09	24,49	24,81	24,27	24,76
2009.04.13	24,49	24,88	24,39	24,72
2009.04.14	24,57	25,15	24,35	24,49
2009.04.15	24,45	24,48	23,66	24,07
2009.04.16	24,2	24,29	23,91	24,09
2009.04.17	24	24,17	23,7	23,7
2009.04.20	23,29	23,43	22,92	23,13
2009.04.22	23,13	23,36	22,85	22,97
2009.04.23	23,14	23,5	23,06	23,5
2009.04.24	23,82	23,84	23,35	23,54
2009.04.27	23,27	23,33	22,9	23,04
2009.04.28	22,85	23,21	22,6	23,15
2009.04.29	23,45	24,02	23,35	23,88
2009.04.30	24,15	24,31	23,67	23,72
2009.05.04	24,31	25,4	24,21	25,4
2009.05.05	25,29	25,9	25,18	25,76
2009.05.06	26	26,53	25,93	26,14
2009.05.07	26,5	26,53	25,45	25,68
2009.05.08	26,49	26,5	25,86	26,5
2009.05.11	25,98	26,46	25,76	26,39
2009.05.12	26,79	26,83	25,84	25,98
2009.05.13	25,29	25,6	25,21	25,28
2009.05.14	25,24	25,57	25,14	25,49
2009.05.15	25,41	25,42	24,92	25,13
2009.05.18	25,21	26,27	25,02	26,27
2009.05.19	26,27	26,61	26,06	26,27
2009.05.20	26,42	27,02	26,42	26,62
2009.05.21	26,26	26,34	25,82	26,1
2009.05.22	26,34	26,7	26,17	26,39
2009.05.25	26,32	26,74	26,32	26,46
2009.05.26	26,26	27,09	26,19	27,09
2009.05.27	27,14	27,61	26,99	27,09
2009.05.28	27,38	27,86	27,24	27,82
2009.05.29	28,1	28,27	27,36	27,66
2009.06.01	28,31	28,43	28,02	28,3
2009.06.02	27,94	28,3	27,66	27,74
2009.06.03	27,54	27,57	26,38	26,62
2009.06.04	26,94	27,42	26,58	27,37
2009.06.05	27,98	28	27,14	27,29
2009.06.08	26,95	27,48	26,74	27,21
2009.06.09	27,21	27,34	26,77	26,91
2009.06.10	27,25	27,38	26,94	27,21
2009.06.12	27,42	27,57	27,21	27,26
2009.06.15	26,9	27,04	26,35	26,74
2009.06.16	27,06	27,06	26,06	26,14
2009.06.17	25,89	26,03	25,56	25,74
2009.06.18	25,82	25,9	25,48	25,5
2009.06.19	25,83	26	25,62	25,66
2009.06.22	25,45	25,49	24,58	24,78
2009.06.23	24,89	25,21	24,71	25,21
2009.06.24	25,45	25,59	24,85	24,89
2009.06.25	24,73	25,9	24,69	25,9
2009.06.26	25,7	26,14	25,62	25,9
2009.06.29	26,18	26,55	26,14	26,54
2009.06.30	26,65	26,76	25,97	26,06
2009.07.01	26,43	26,49	25,54	25,54
2009.07.02	25,21	25,25	24,9	25,09
2009.07.03	25,13	25,17	24,81	24,9
2009.07.06	24,56	24,64	24,04	24,36
2009.07.07	24,35	24,41	23,75	23,8
2009.07.08	23,51	24,04	23,11	23,6
2009.07.10	23,75	24,06	23,43	24,06
2009.07.13	24,24	24,26	23,47	24,16
2009.07.14	24,24	24,46	23,82	23,99
2009.07.15	24,45	25,07	24,29	24,94
2009.07.16	24,73	25,44	24,53	25,1
2009.07.17	25,1	25,64	25,03	25,54
2009.07.20	25,95	26,07	25,8	25,87
2009.07.21	26,15	26,23	25,64	25,8
2009.07.22	25,58	25,94	25,54	25,7
2009.07.23	25,87	26,49	25,62	26,27
2009.07.24	26,17	26,43	26,09	26,35
2009.07.27	26,39	26,48	25,91	26,31
2009.07.28	25,94	26,08	25,53	25,74
2009.07.29	25,54	25,54	24,97	25,06
2009.07.30	25,5	25,75	25,31	25,31
2009.07.31	25,31	25,72	25,24	25,52
2009.08.03	25,91	26,39	25,87	26,39
2009.08.04	26,24	26,59	25,96	26,04
2009.08.05	26,15	26,24	25,78	26,21
2009.08.06	26,3	26,5	25,76	25,87
2009.08.07	26,13	26,26	25,83	25,95
2009.08.10	25,87	26,07	25,79	26,03
2009.08.11	25,86	25,94	25,31	25,31
2009.08.12	25,41	25,89	25,39	25,86
2009.08.13	26,09	26,34	25,94	26,34
2009.08.14	26,35	26,43	26,01	26,23
2009.08.17	25,81	25,95	25,66	25,95
2009.08.18	26,11	26,34	26,07	26,21
2009.08.19	25,87	26,61	25,78	26,6
2009.08.20	26,68	26,91	26,56	26,8
2009.08.21	27,12	27,37	27,11	27,27
2009.08.24	27,37	27,73	26,92	27,08
2009.08.25	27,2	27,42	26,91	26,94
2009.08.26	26,92	27,14	26,72	26,9
2009.08.27	26,84	26,88	26,23	26,64
2009.08.28	26,66	26,71	26,09	26,39
2009.08.31	26,08	26,08	25,01	25,44
2009.09.01	25,74	26	25,46	25,62
2009.09.02	25,67	26,42	25,67	26,07
2009.09.03	26,33	26,5	25,96	26,1
2009.09.04	26,19	26,5	25,84	26,36
2009.09.08	26,75	26,84	26,44	26,66
2009.09.09	26,88	26,9	26,65	26,76
2009.09.10	26,69	27,06	26,64	27,03
2009.09.11	27,08	27,16	26,81	26,87
2009.09.14	26,68	27,03	26,48	26,95
2009.09.15	27,07	27,23	26,96	27,08
2009.09.16	27,19	27,88	27,13	27,85
2009.09.17	27,71	28,2	27,69	27,81
2009.09.18	27,76	28,1	27,76	28,1
2009.09.21	27,88	28,2	27,66	28,06
2009.09.22	28,29	28,44	28,17	28,24
2009.09.23	28,28	28,36	27,78	27,78
2009.09.24	27,89	28,02	27,37	27,41
2009.09.25	27,34	27,84	27,33	27,66
2009.09.28	27,77	28,33	27,71	28,29
2009.09.29	28,36	28,37	27,84	28,19
2009.09.30	28,43	28,53	28,06	28,38
2009.10.01	28,26	28,46	27,75	27,77
2009.10.02	27,55	27,96	27,36	27,86
2009.10.05	27,97	28,18	27,65	28,1
2009.10.06	28,44	28,52	27,99	28,13
2009.10.07	28,07	28,42	27,97	28,27
2009.10.08	28,55	28,95	28,34	28,91
2009.10.09	28,87	29,19	28,8	29,07
2009.10.13	29,28	29,32	29,08	29,21
2009.10.14	29,52	29,63	29,36	29,48
2009.10.15	29,4	29,85	29,37	29,85
2009.10.16	29,4	29,97	29,38	29,69
2009.10.19	29,85	30,58	29,77	30,47
2009.10.20	29,77	30,23	29,38	29,77
2009.10.21	29,78	30,75	29,78	29,93
2009.10.22	30,18	30,49	29,92	30,18
2009.10.23	30,46	30,63	29,73	29,77
2009.10.26	29,85	30,36	29,71	29,93
2009.10.27	30,1	30,25	29,32	29,32
2009.10.28	29,4	29,6	27,93	27,93
2009.10.29	28,77	29,46	28,41	29,41
2009.10.30	29,36	29,68	28,14	28,48
2009.11.03	28,34	29,3	28,12	28,99
2009.11.04	29,44	29,56	28,96	29,12
2009.11.05	29,11	29,69	29,05	29,69
2009.11.06	29,84	29,96	29,27	29,4
2009.11.09	29,93	30,24	29,81	30,24
2009.11.10	30,17	30,67	30,01	30,51
2009.11.11	30,83	30,99	30,59	30,67
2009.11.12	30,62	30,9	30,01	30,05
2009.11.13	30,23	30,58	30,05	30,28
2009.11.16	30,7	30,87	30,43	30,49
2009.11.17	30,57	31,38	30,4	31,32
2009.11.18	31,55	31,97	31,16	31,16
2009.11.19	30,92	31,73	30,92	31,4
2009.11.23	31,73	31,94	31,48	31,69
2009.11.24	31,61	31,93	31,3	31,93
2009.11.25	32,05	32,34	31,81	32,17
2009.11.26	31,77	31,88	31,36	31,36
2009.11.27	31,16	31,76	31,07	31,73
2009.11.30	31,73	31,95	31,59	31,64
2009.12.01	32,01	32,5	31,93	32,45
2009.12.02	32,42	32,7	32,14	32,14
2009.12.03	32,54	32,62	32,05	32,05
2009.12.04	31,97	32,48	31,16	31,32
2009.12.07	31,63	31,72	31,11	31,32
2009.12.08	31,15	31,16	30,58	30,66
2009.12.09	30,99	31,05	30,4	30,66
2009.12.10	30,84	30,99	30,54	30,8
2009.12.11	31,03	31,2	30,79	30,83
2009.12.14	31,01	31,07	30,87	30,91
2009.12.15	30,76	31,12	30,73	30,99
2009.12.16	31,08	31,36	30,87	30,88
2009.12.17	30,71	30,83	30,07	30,07
2009.12.18	30,25	30,34	29,74	29,83
2009.12.21	30,18	30,22	28,87	28,87
2009.12.22	29,3	29,8	29,2	29,8
2009.12.23	29,93	30,15	29,65	30,1
2009.12.28	30,27	30,34	30,04	30,14
2009.12.29	30,25	30,29	30,06	30,18
2009.12.30	29,99	30,09	29,81	30,09
2010.01.04	30,3	30,61	30,2	30,61
2010.01.05	30,66	30,7	30,18	30,34
2010.01.06	30,18	30,75	30,18	30,75
2010.01.07	30,56	30,71	30,4	30,47
2010.01.08	30,47	30,66	30,23	30,3
2010.01.11	30,52	30,62	30,03	30,2
2010.01.12	30,01	30,08	29,56	29,82
2010.01.13	29,98	30,13	29,39	29,77
2010.01.14	29,75	29,9	29,16	29,25
2010.01.15	29,17	29,61	29,12	29,32
2010.01.18	29,44	30,07	29,33	29,97
2010.01.19	29,89	30,06	29,72	29,84
2010.01.20	29,61	29,65	28,92	29,07
2010.01.21	29,18	29,28	28,12	28,15
2010.01.22	27,97	28,54	27,93	28,5
2010.01.26	28,12	28,16	27,6	27,8
2010.01.27	27,8	28,12	27,48	27,97
2010.01.28	28,38	28,45	27,78	28,38
2010.01.29	28,52	28,74	27,83	28,02
2010.02.01	28,12	28,29	27,8	28,13
2010.02.02	28,3	28,43	27,93	27,97
2010.02.03	27,92	28,03	27,66	27,92
2010.02.04	27,75	27,83	26,34	26,49
2010.02.05	26,08	26,46	25,19	25,85
2010.02.08	26,08	26,46	25,77	26,03
2010.02.09	26,41	26,8	26,33	26,44
2010.02.10	26,51	26,84	26,05	26,77
2010.02.11	26,97	27,45	26,84	27,36
2010.02.12	27,06	27,9	27,02	27,72
2010.02.17	28,2	28,29	27,91	28,09
2010.02.18	28,08	28,45	27,74	28,45
2010.02.19	28,23	28,42	28,01	28,17
2010.02.22	28,29	28,61	28,22	28,42
2010.02.23	28,22	28,42	27,88	28,04
2010.02.24	28,12	28,17	27,59	27,83
2010.02.25	27,46	28,29	27,28	28,19
2010.02.26	28,37	28,5	28,06	28,38
2010.03.01	28,56	28,74	28,23	28,65
2010.03.02	28,91	29,13	28,8	28,8
2010.03.03	28,93	29,38	28,74	28,83
2010.03.04	29,02	29,11	28,55	28,87
2010.03.05	29,27	29,46	29,03	29,37
2010.03.08	29,47	29,52	29,04	29,28
2010.03.09	29,11	30,22	29,08	29,93
2010.03.10	30,25	30,47	30,06	30,34
2010.03.11	30,29	30,73	30,19	30,38
2010.03.12	30,51	30,68	30,39	30,39
2010.03.15	30,15	30,53	29,91	30,15
2010.03.16	30,29	30,52	30,1	30,52
2010.03.17	30,7	30,74	30,29	30,47
2010.03.18	30,46	30,67	30,15	30,36
2010.03.19	30,34	30,42	29,65	29,71
2010.03.22	29,2	29,82	29,11	29,72
2010.03.23	29,84	29,87	29,29	29,38
2010.03.24	29,36	29,99	29,2	29,6
2010.03.25	29,79	29,88	28,87	28,87
2010.03.26	29,04	29,15	28,13	28,29
2010.03.29	28,49	28,87	27,98	28,62
2010.03.30	28,78	28,95	28,51	28,54
2010.03.31	28,38	29,02	28,3	29,02
2010.04.01	29,24	29,44	29,15	29,32
2010.04.05	29,48	29,73	29,38	29,53
2010.04.06	29,46	29,86	29,38	29,59
2010.04.07	29,47	29,72	29,19	29,36
2010.04.08	29,18	29,44	29,08	29,37
2010.04.09	29,36	29,6	28,89	28,89
2010.04.12	28,91	29,06	28,11	28,2
2010.04.13	28,27	28,37	27,8	28,04
2010.04.14	28,13	28,29	27,92	28,09
2010.04.15	28,11	28,25	27,51	27,56
2010.04.16	27,47	27,54	26,83	27,02
2010.04.19	26,74	27,51	26,66	27,51
2010.04.20	27,72	28,13	27,72	28,13
2010.04.22	27,8	27,92	27,4	27,77
2010.04.23	27,74	28,1	27,72	28,1
2010.04.26	28,18	28,25	27,53	27,53
2010.04.27	27,33	27,36	26,53	26,53
2010.04.28	26,71	27,27	26,36	26,77
2010.04.29	27,14	27,36	26,88	27,29
2010.04.30	27,12	27,44	26,91	27,11
2010.05.03	26,9	26,97	26	26,03
2010.05.04	25,79	25,84	24,72	25,16
2010.05.05	24,79	25,46	24,6	24,97
2010.05.06	24,87	25,44	23,39	24,64
2010.05.07	24,79	25,05	24,08	24,59
2010.05.10	25,62	25,7	24,92	24,92
2010.05.11	24,64	25,03	24,46	24,48
2010.05.12	24,75	24,79	24,52	24,71
2010.05.13	24,96	25,13	24,75	24,79
2010.05.14	24,62	24,88	24,22	24,87
2010.05.17	24,96	25,12	24,43	24,67
2010.05.18	24,89	24,91	24,11	24,15
2010.05.19	23,89	24,36	23,6	23,6
2010.05.20	23,14	23,22	22,67	22,67
2010.05.21	22,71	23,18	22,42	22,79
2010.05.24	22,81	23,13	22,56	22,6
2010.05.25	21,9	22,25	21,65	22,1
2010.05.26	22,5	22,83	22,17	22,52
2010.05.27	22,89	23,24	22,81	23,15
2010.05.28	23,19	23,48	23,03	23,48
2010.05.31	23,49	24,64	23,49	24,64
2010.06.01	24,14	24,72	23,71	23,85
2010.06.02	23,84	24,43	23,84	24,23
2010.06.04	24,04	24,71	23,94	24,35
2010.06.07	24,52	25,04	24,42	24,58
2010.06.08	24,78	25	24,51	24,69
2010.06.09	24,89	25,29	24,6	24,6
2010.06.10	24,98	25,18	24,78	24,89
2010.06.11	24,72	24,83	24,49	24,66
2010.06.14	24,89	24,93	24,16	24,19
2010.06.15	24,23	24,34	23,92	24,14
2010.06.16	24,02	24,81	23,98	24,68
2010.06.17	24,73	24,85	24,41	24,58
2010.06.18	24,56	24,69	24,35	24,55
2010.06.21	24,73	24,95	24,46	24,48
2010.06.22	24,47	24,66	24,15	24,24
2010.06.23	24,31	24,42	23,61	23,73
2010.06.24	23,69	23,69	22,89	22,89
2010.06.25	22,77	23,35	22,74	23,24
2010.06.28	23,24	23,36	22,76	22,83
2010.06.29	22,48	22,56	22,24	22,34
2010.06.30	22,45	22,89	22,33	22,36
2010.07.01	22,57	22,65	21,9	22,02
2010.07.02	22,25	22,47	22,08	22,29
2010.07.05	22,3	22,52	22,1	22,1
2010.07.06	22,48	22,73	22,28	22,52
2010.07.07	22,52	22,91	22,3	22,81
2010.07.08	22,88	23,01	22,65	22,96
2010.07.12	22,99	23,09	22,63	22,67
2010.07.13	22,81	22,89	22,54	22,73
2010.07.14	22,52	22,81	22,42	22,73
2010.07.15	22,73	22,73	22,37	22,57
2010.07.16	22,51	22,55	22,24	22,35
2010.07.19	22,35	22,53	22,21	22,44
2010.07.20	22,29	23,16	22,24	23,02
2010.07.21	23,17	23,35	22,8	22,89
2010.07.22	23,18	23,54	23,04	23,29
2010.07.23	23,3	23,35	22,97	23,14
2010.07.26	23,14	23,34	23,06	23,23
2010.07.27	23,31	23,44	23,19	23,29
2010.07.28	23,27	23,35	23,09	23,14
2010.07.29	23,18	23,27	23	23,09
2010.07.30	23,03	23,25	22,85	23,19
2010.08.02	23,45	23,95	23,44	23,85
2010.08.03	23,81	24,76	23,65	24,38
2010.08.04	24,62	24,77	24,37	24,6
2010.08.05	24,54	24,72	24,4	24,68
2010.08.06	24,48	24,69	24,27	24,39
2010.08.09	24,61	24,61	24,15	24,17
2010.08.10	24	24	23,63	23,82
2010.08.11	23,51	23,61	23,06	23,06
2010.08.12	22,96	23,36	22,81	23,08
2010.08.13	23,18	23,33	23,06	23,19
2010.08.16	23,15	23,31	23,13	23,15
2010.08.17	23,28	23,94	23,28	23,73
2010.08.18	23,72	23,77	23,15	23,21
2010.08.19	22,56	22,97	22,4	22,45
2010.08.20	22,43	22,71	22,27	22,45
2010.08.23	22,57	22,8	22,35	22,35
2010.08.24	22,22	22,51	21,92	21,92
2010.08.25	21,86	22,04	21,38	21,87
2010.08.26	22,39	22,39	21,55	21,55
2010.08.27	21,76	22,3	21,48	22,27
2010.08.30	22,09	22,16	21,34	21,34
2010.08.31	21,4	21,85	21,4	21,85
2010.09.01	22,05	22,8	21,93	22,66
2010.09.02	22,55	23,6	22,42	23,14
2010.09.03	23,73	24,25	23,52	24,15
2010.09.06	24,47	24,56	24,01	24,39
2010.09.08	23,74	23,88	23,3	23,34
2010.09.09	23,52	23,6	22,8	23,14
2010.09.10	23,06	23,43	22,98	23,08
2010.09.13	23,27	23,75	23,1	23,73
2010.09.14	23,64	23,96	22,51	22,51
2010.09.15	21,8	22,3	21,59	22,18
2010.09.16	21,89	22,37	21,84	22,1
2010.09.17	21,91	22,25	21,88	22,17
2010.09.20	22,15	23	21,97	22,72
2010.09.21	22,74	22,85	22,09	22,09
2010.09.22	21,88	22,16	21,65	21,78
2010.09.23	21,73	23,02	21,73	22,47
2010.09.24	22,68	22,71	22,05	22,05
2010.09.27	22,09	22,38	21,84	22,22
2010.09.28	22,44	22,55	22,18	22,39
2010.09.29	22,3	23,06	22,25	23,06
2010.09.30	23,18	23,44	22,82	22,88
2010.10.01	23,13	23,23	22,9	23,06
2010.10.04	23,04	23,35	22,93	22,96
2010.10.05	23,13	23,14	22,44	22,62
2010.10.06	22,47	22,55	21,46	21,68
2010.10.07	21,84	21,84	20,66	21,21
2010.10.08	21,14	21,8	20,86	21,8
2010.10.11	21,88	21,98	21,62	21,67
2010.10.13	21,82	21,88	21,45	21,56
2010.10.14	21,52	22,17	21,33	22,17
2010.10.15	22,25	22,34	21,95	22,04
2010.10.18	21,93	22,22	21,78	22,14
2010.10.19	21,75	21,9	21,2	21,2
2010.10.20	21,36	21,49	20,95	20,95
2010.10.21	21	21,16	20,21	20,26
2010.10.22	20,51	20,72	20,04	20,3
2010.10.25	20,5	20,79	20,42	20,6
2010.10.26	20,56	22,01	20,5	21,67
2010.10.27	21,55	22,68	21,16	21,96
2010.10.28	22,21	22,51	21,69	22,02
2010.10.29	22,3	22,3	21,67	21,67
2010.11.01	21,84	22,36	21,74	22,21
2010.11.03	22,5	22,85	22,34	22,76
2010.11.04	23,05	23,3	22,93	23,18
2010.11.05	23,11	23,31	22,97	22,97
2010.11.08	22,85	23,25	22,84	23,2
2010.11.09	23,28	23,41	22,86	22,86
2010.11.10	22,85	22,97	22,65	22,87
2010.11.11	22,82	22,85	22,46	22,52
2010.11.12	22,12	22,24	21,76	21,79
2010.11.16	21,79	21,84	21,18	21,41
2010.11.17	21,48	21,65	21,31	21,45
2010.11.18	21,79	21,99	21,67	21,83
2010.11.19	21,66	21,7	21,43	21,66
2010.11.22	21,61	21,64	21,03	21,12
2010.11.23	20,81	21,01	20,67	20,78
2010.11.24	20,99	21,38	20,86	21,27
2010.11.25	21,37	21,37	20,95	20,95
2010.11.26	20,79	20,93	20,59	20,73
2010.11.29	20,69	21,02	20,62	20,82
2010.11.30	20,81	21,16	20,66	20,73
2010.12.01	21,1	21,36	21,05	21,29
2010.12.02	21,45	21,65	21,32	21,41
2010.12.03	21,45	21,66	21,27	21,66
2010.12.06	21,71	21,95	21,67	21,8
2010.12.07	22,08	22,16	21,37	21,37
2010.12.08	21,39	21,49	21,07	21,07
2010.12.09	21,22	21,49	21,15	21,41
2010.12.10	21,58	21,7	21,45	21,66
2010.12.13	21,82	21,99	21,81	21,84
2010.12.14	21,77	21,95	21,68	21,77
2010.12.15	21,57	21,67	21,38	21,38
2010.12.16	21,49	21,62	21,29	21,37
2010.12.17	21,27	21,86	21,11	21,86
2010.12.20	21,86	21,97	21,55	21,55
2010.12.21	21,78	21,86	21,67	21,72
2010.12.22	21,71	21,85	21,63	21,85
2010.12.23	21,78	21,97	21,71	21,87
2010.12.27	21,71	22,16	21,68	22,13
2010.12.28	22,34	22,69	22,26	22,65
2010.12.29	22,75	23,08	22,75	22,91
2010.12.30	23,18	23,31	23,01	23,18
2011.01.03	23,36	23,43	22,86	22,93
2011.01.04	22,94	22,99	22,42	22,85
2011.01.05	22,66	23,23	22,58	23,12
2011.01.06	23,1	23,32	22,94	23,03
2011.01.07	22,95	23,09	22,7	22,7
2011.01.10	22,64	22,95	22,58	22,92
2011.01.11	23,02	23,27	22,99	23,06
2011.01.12	23,26	23,77	23,21	23,7
2011.01.13	23,78	23,89	23,2	23,2
2011.01.14	23,16	23,54	23,15	23,4
2011.01.17	23,29	23,59	23,24	23,32
2011.01.18	23,49	23,58	23,27	23,55
2011.01.19	23,61	23,74	23,15	23,19
2011.01.20	23,06	23,38	22,9	23,16
2011.01.21	23,28	23,37	22,98	22,98
2011.01.24	23	23,15	22,77	22,93
2011.01.26	23,01	23,21	22,69	22,79
2011.01.27	22,89	23,06	22,69	22,82
2011.01.28	22,98	23	22,3	22,65
2011.01.31	22,82	23,15	22,65	23,01
2011.02.01	23,19	23,55	23,03	23,48
2011.02.02	23,44	23,77	23,36	23,61
2011.02.03	23,58	23,89	23,53	23,81
2011.02.04	23,82	23,97	23,41	23,46
2011.02.07	23,61	23,67	23,03	23,12
2011.02.08	22,96	23,22	22,78	22,9
2011.02.09	22,82	22,91	22,18	22,24
2011.02.10	22,25	22,71	22,22	22,31
2011.02.11	22,47	22,68	22,34	22,42
2011.02.14	22,43	22,86	22,29	22,72
2011.02.15	22,65	23,21	22,62	22,91
2011.02.16	23,1	23,32	22,99	23,2
2011.02.17	23,27	23,31	22,97	23,15
2011.02.18	23,07	23,31	23,03	23,25
2011.02.21	23,33	23,49	23,15	23,27
2011.02.22	23,32	23,74	23,32	23,59
2011.02.23	23,71	24,55	23,61	24,39
2011.02.24	24,68	24,85	24,09	24,1
2011.02.25	24,13	24,42	23,91	24,29
2011.02.28	24,16	24,36	23,92	24,28
2011.03.01	24,21	24,45	23,94	24,03
2011.03.02	24,04	24,6	23,93	24,55
2011.03.03	24,57	24,61	24,29	24,6
2011.03.04	24,63	24,78	24,4	24,7
2011.03.09	24,49	24,52	24,23	24,25
2011.03.10	24,12	24,15	23,68	23,89
2011.03.11	23,74	24,12	23,5	23,93
2011.03.14	23,78	24,14	23,67	24,02
2011.03.15	23,32	23,93	23,32	23,82
2011.03.16	23,92	24,13	23,45	23,6
2011.03.17	23,9	23,95	23,68	23,85
2011.03.18	23,95	23,97	23,63	23,7
2011.03.21	23,92	24,08	23,77	23,89
2011.03.22	23,96	24,38	23,93	24,2
2011.03.23	24,17	24,5	24,11	24,45
2011.03.24	24,48	24,58	24,22	24,28
2011.03.25	24,34	24,59	24,27	24,46
2011.03.28	24,4	24,6	24,22	24,22
2011.03.29	24,26	24,43	24,14	24,22
2011.03.30	24,36	24,39	24,17	24,23
2011.03.31	24,27	24,47	24,24	24,35
2011.04.01	24,45	24,55	24,36	24,55
2011.04.04	24,6	24,64	24,4	24,44
2011.04.05	24,39	24,4	24,12	24,23
2011.04.06	24,22	24,28	23,98	24,06
2011.04.07	24,03	24,13	23,68	23,92
2011.04.08	23,96	24,04	23,73	23,93
2011.04.11	23,91	23,91	23,42	23,48
2011.04.12	23,34	23,4	22,69	22,76
2011.04.13	22,89	22,89	22,25	22,34
2011.04.14	22,29	22,58	22,15	22,19
2011.04.15	22,28	22,69	22,25	22,66
2011.04.18	22,47	22,47	21,76	21,77
2011.04.19	22	22,23	21,84	21,98
2011.04.20	22,39	22,46	22,12	22,46
2011.04.25	22,47	22,58	22,23	22,36
2011.04.26	22,38	22,49	22,17	22,38
2011.04.27	22,4	22,4	21,94	21,99
2011.04.28	21,91	21,92	21,58	21,74
2011.04.29	21,76	22,04	21,7	21,98
2011.05.02	22,07	22,23	21,89	22,09
2011.05.03	22,07	22,13	21,83	21,85
2011.05.04	21,97	22,01	21,64	21,74
2011.05.05	21,63	21,76	20,81	21,01
2011.05.06	21,29	21,37	20,73	20,79
2011.05.09	20,81	21,2	20,78	21,12
2011.05.10	21,22	21,34	21,04	21,19
2011.05.11	21,08	21,1	20,61	20,61
2011.05.12	20,43	20,71	20,29	20,5
2011.05.13	20,58	20,65	20,33	20,36
2011.05.16	20,29	21,03	20,2	20,73
2011.05.17	20,77	21,19	20,56	21,13
2011.05.18	21,19	21,37	20,87	20,87
2011.05.19	21	21,12	20,47	20,47
2011.05.20	20,49	20,91	20,33	20,77
2011.05.23	20,35	20,52	20,27	20,43
2011.05.24	20,66	20,85	20,56	20,65
2011.05.25	20,63	20,96	20,48	20,69
2011.05.26	20,78	20,95	20,57	20,95
2011.05.27	21,06	21,16	20,9	21,03
2011.05.30	21,06	21,06	20,82	20,85
2011.05.31	21,04	21,08	20,68	20,86
2011.06.01	20,78	20,9	20,63	20,78
2011.06.02	20,84	20,84	20,55	20,74
2011.06.03	20,59	20,92	20,49	20,59
2011.06.06	20,67	20,72	20,04	20,09
2011.06.07	20,23	20,23	19,86	19,91
2011.06.08	19,87	20,3	19,78	20,09
2011.06.09	20,12	20,73	19,99	20,52
2011.06.10	20,59	20,64	20,38	20,54
2011.06.13	20,58	20,62	20,14	20,2
2011.06.14	20,28	20,51	20,28	20,43
2011.06.15	20,17	20,39	20,04	20,17
2011.06.16	20,17	20,56	19,99	20,17
2011.06.17	20,32	20,33	20,08	20,12
2011.06.20	20,09	20,3	19,97	20
2011.06.21	20,09	20,17	19,95	20,12
2011.06.22	20,09	20,49	20,06	20,14
2011.06.24	20,06	20,1	19,78	19,8
2011.06.27	19,91	20,08	19,8	19,98
2011.06.28	20,06	20,3	20	20,3
2011.06.29	20,35	20,38	20,09	20,24
2011.06.30	20,43	20,54	20,35	20,54
2011.07.01	20,48	20,69	20,32	20,56
2011.07.04	20,54	20,65	20,53	20,61
2011.07.05	20,61	20,76	20,36	20,4
2011.07.06	20,3	20,48	20,17	20,36
2011.07.07	20,52	20,6	20,39	20,46
2011.07.08	20,35	20,46	20,26	20,3
2011.07.11	20,09	20,19	19,97	20,04
2011.07.12	19,93	20,17	19,85	20,02
2011.07.13	20,17	20,3	20,03	20,25
2011.07.14	20,15	20,23	19,79	19,87
2011.07.15	19,91	20,01	19,79	19,91
2011.07.18	19,75	19,91	19,51	19,71
2011.07.19	19,8	19,89	19,53	19,61
2011.07.20	19,7	19,75	19,38	19,38
2011.07.21	19,46	20,01	19,42	19,91
2011.07.22	19,93	20,15	19,78	19,89
2011.07.25	19,99	20,43	19,96	20,35
2011.07.26	20,43	20,71	20,33	20,49
2011.07.27	20,43	20,59	20,27	20,43
2011.07.28	20,51	20,56	20,3	20,35
2011.07.29	20,07	20,38	20,06	20,35
2011.08.01	20,49	20,56	20,28	20,35
2011.08.02	20,34	20,46	19,99	20,06
2011.08.03	20,13	20,16	19,43	19,47
2011.08.04	19,13	19,21	18,03	18,03
2011.08.05	18,01	18,32	17,23	17,62
2011.08.08	16,79	17,01	16,04	16,29
2011.08.09	16,45	17,18	16,26	16,72
2011.08.10	16,6	17,34	16,43	17,23
2011.08.11	17,42	17,88	16,96	17,65
2011.08.12	17,67	17,92	17,55	17,73
2011.08.15	17,9	18,33	17,88	18,33
2011.08.16	18,14	18,2	17,89	18,13
2011.08.17	18,17	18,31	17,94	18,23
2011.08.18	17,77	17,79	17,27	17,73
2011.08.19	17,41	17,77	17,21	17,21
2011.08.22	17,55	17,7	17,15	17,16
2011.08.23	17,29	17,73	17,04	17,61
2011.08.24	17,57	17,77	17,46	17,67
2011.08.25	17,6	17,72	17,28	17,34
2011.08.26	17,21	17,53	17,1	17,38
2011.08.29	17,62	18,02	17,62	17,9
2011.08.30	17,8	18,1	17,73	17,95
2011.08.31	18,13	18,23	17,84	18,17
2011.09.01	18,45	18,46	18,21	18,38
2011.09.02	18,04	18,13	17,49	17,79
2011.09.05	17,38	17,55	17,34	17,49
2011.09.06	17,23	17,94	17,19	17,88
2011.09.08	18,12	18,24	17,97	18,04
2011.09.09	17,9	17,99	17,53	17,6
2011.09.12	17,29	17,76	17,22	17,76
2011.09.13	17,82	17,86	17,6	17,75
2011.09.14	17,77	18,18	17,62	17,92
2011.09.15	18,08	18,15	17,88	17,95
2011.09.16	17,95	18,05	17,82	18,03
2011.09.19	17,76	18,18	17,75	18,17
2011.09.20	18,15	18,41	17,97	17,99
2011.09.21	18,12	18,39	17,95	17,99
2011.09.22	17,48	17,62	16,86	17,03
2011.09.23	17,04	17,23	16,7	16,73
2011.09.26	16,9	17,28	16,57	17,28
2011.09.27	17,55	17,55	17,05	17,07
2011.09.28	17,1	17,21	16,88	16,9
2011.09.29	17,01	17,1	16,79	16,94
2011.09.30	16,75	16,93	16,53	16,68
2011.10.03	16,56	16,65	16,08	16,08
2011.10.04	15,94	16,2	15,63	16,2
2011.10.05	16,07	16,38	15,76	15,9
2011.10.06	16,15	16,67	16,03	16,46
2011.10.07	16,65	16,65	15,9	15,98
2011.10.10	16,16	16,58	16,03	16,52
2011.10.11	16,33	16,78	16,2	16,73
2011.10.13	16,94	17,07	16,58	16,93
2011.10.14	17,07	17,21	16,86	17,15
2011.10.17	16,99	17,21	16,58	16,86
2011.10.18	16,77	17,06	16,6	16,99
2011.10.19	16,98	17,02	16,65	16,79
2011.10.20	16,75	16,75	16,26	16,44
2011.10.21	16,56	16,93	16,53	16,83
2011.10.24	16,94	17,37	16,8	17,28
2011.10.25	17,16	17,58	17,07	17,41
2011.10.26	17,6	17,69	17,34	17,54
2011.10.27	18,05	18,55	17,95	18,29
2011.10.28	18,21	18,85	18,15	18,85
2011.10.31	18,91	19,2	18,57	18,62
2011.11.01	17,82	18,56	17,82	18,45
2011.11.03	18,83	19,19	18,62	19,14
2011.11.04	18,98	19,37	18,96	19,3
2011.11.07	19,26	19,9	19,19	19,81
2011.11.08	19,91	20,03	19,49	19,57
2011.11.09	19,22	19,38	18,72	18,74
2011.11.10	19	19,13	18,79	18,79
2011.11.11	19,12	19,34	19,03	19,18
2011.11.14	19,27	19,43	19,06	19,32
2011.11.16	19,36	19,58	19,14	19,49
2011.11.17	19,36	19,5	18,94	18,97
2011.11.18	19,13	19,28	18,92	19,17
2011.11.21	18,87	19,26	18,78	19,21
2011.11.22	19,16	19,37	19,06	19,11
2011.11.23	18,94	19,11	18,9	19,01
2011.11.24	19,16	19,21	18,98	19,1
2011.11.25	18,93	19,08	18,52	18,52
2011.11.28	18,96	19,11	18,83	18,95
2011.11.29	18,97	19,29	18,79	18,87
2011.11.30	19,21	19,58	19,11	19,43
2011.12.01	19,68	19,86	19,5	19,85
2011.12.02	19,94	20,03	19,7	19,86
2011.12.05	20,04	20,38	19,95	20,25
2011.12.06	20,11	20,59	20,11	20,55
2011.12.07	20,57	20,69	20,28	20,53
2011.12.08	20,58	20,67	19,72	19,85
2011.12.09	20,02	20,4	19,92	20,29
2011.12.12	20,06	20,14	19,55	19,76
2011.12.13	19,91	20,1	19,72	19,76
2011.12.14	19,7	19,79	19,23	19,23
2011.12.15	19,43	19,65	18,92	18,96
2011.12.16	19,04	19,13	18,77	18,77
2011.12.19	18,84	19,06	18,61	18,61
2011.12.20	18,86	19,48	18,78	19,48
2011.12.21	19,3	19,38	18,97	19,32
2011.12.22	19,46	19,65	19,32	19,52
2011.12.23	19,63	19,73	19,54	19,58
2011.12.26	19,65	19,69	19,54	19,54
2011.12.27	19,54	19,67	19,51	19,57
2011.12.28	19,6	19,6	18,88	18,89
2011.12.29	19,03	19,03	18,51	18,94
2012.01.02	18,96	19,5	18,74	19,15
2012.01.03	19,42	19,93	19,4	19,93
2012.01.04	19,73	20,08	19,55	20,08
2012.01.05	19,92	20,11	19,7	19,84
2012.01.06	19,99	20,08	19,79	19,86
2012.01.09	19,96	20,13	19,82	20,13
2012.01.10	20,4	20,48	20,27	20,37
2012.01.11	20,36	20,46	20,15	20,38
2012.01.12	20,45	20,7	20,26	20,53
2012.01.13	20,41	20,55	20,32	20,5
2012.01.16	20,5	21,08	20,48	21,04
2012.01.17	21,32	21,46	21,08	21,17
2012.01.18	21,19	21,76	21,19	21,68
2012.01.19	21,7	21,83	21,53	21,53
2012.01.20	21,44	21,54	21,24	21,54
2012.01.23	21,43	22,67	21,38	22,35
2012.01.24	22,28	22,93	22,19	22,59
2012.01.26	22,89	23,03	22,17	22,17
2012.01.27	22,31	22,37	21,9	21,94
2012.01.30	21,73	21,91	21,66	21,85
2012.01.31	22,01	22,18	21,64	21,85
2012.02.01	21,97	22,39	21,91	22,19
2012.02.02	22,13	22,43	21,75	21,82
2012.02.03	21,77	22,17	21,68	21,89
2012.02.06	21,78	22,11	21,7	22,11
2012.02.07	21,99	22,81	21,99	22,77
2012.02.08	22,81	23,02	22,5	22,62
2012.02.09	22,66	22,9	22,39	22,68
2012.02.10	21,56	21,84	20,9	20,9
2012.02.13	21,17	21,83	21,01	21,67
2012.02.14	21,67	21,67	20,55	20,64
2012.02.15	20,89	20,98	20,2	20,55
2012.02.16	20,41	21,29	20,31	21,24
2012.02.17	21,44	21,48	21,04	21,39
2012.02.22	21,28	21,46	21,12	21,25
2012.02.23	21,06	21,43	21,05	21,28
2012.02.24	21,48	21,87	21,45	21,77
2012.02.27	21,93	22,17	21,61	21,66
2012.02.28	21,8	21,96	21,64	21,64
2012.02.29	21,79	21,92	21,56	21,62
2012.03.01	21,8	22,13	21,76	22,13
2012.03.02	22,18	22,5	22,11	22,5
2012.03.05	22,37	22,45	21,75	21,87
2012.03.06	21,44	21,46	20,98	21,13
2012.03.07	21,39	21,48	21,13	21,33
2012.03.08	21,72	21,75	21,27	21,43
2012.03.09	21,44	21,57	21,09	21,09
2012.03.12	20,95	21,13	20,78	20,84
2012.03.13	21,04	21,73	20,88	21,73
2012.03.14	21,7	22,31	21,6	22,09
2012.03.15	21,95	22,23	21,5	21,54
2012.03.16	21,57	21,75	21,01	21,66
2012.03.19	21,59	21,94	21,37	21,8
2012.03.20	21,47	21,74	21,43	21,7
2012.03.21	21,65	21,82	21,52	21,56
2012.03.22	21,45	21,51	21,19	21,28
2012.03.23	21,4	21,55	21,17	21,19
2012.03.26	21,41	21,71	21,34	21,65
2012.03.27	21,65	21,72	21,28	21,28
2012.03.28	21,27	21,28	20,75	20,92
2012.03.29	20,75	20,92	20,5	20,85
2012.03.30	21,01	21,05	20,67	20,88
2012.04.02	20,82	21,1	20,58	20,77
2012.04.03	20,76	20,84	20,14	20,16
2012.04.04	19,91	19,99	19,46	19,46
2012.04.05	19,51	19,83	19,37	19,67
2012.04.09	19,46	19,56	19,23	19,31
2012.04.10	19,23	19,41	18,79	18,95
2012.04.11	19,18	19,31	19,02	19,09
2012.04.12	19,23	19,74	19,12	19,68
2012.04.13	19,57	19,72	19,27	19,38
2012.04.16	19,52	19,61	19,09	19,23
2012.04.17	19,48	19,48	19,12	19,3
2012.04.18	19,27	19,55	19,02	19,46
2012.04.19	19,34	19,58	19,18	19,18
2012.04.20	19,33	19,48	19,19	19,19
2012.04.23	18,97	19,05	18,82	19,03
2012.04.24	19,07	19,13	18,88	18,99
2012.04.25	19,12	19,22	18,61	18,89
2012.04.26	18,69	19,07	18,63	18,99
2012.04.27	19,09	19,09	18,66	18,72
2012.04.30	18,75	19,04	18,67	19,04
2012.05.02	19,01	19,73	18,97	19,67
2012.05.03	19,66	19,9	19,07	19,14
2012.05.04	19,01	19,11	18,06	18,31
2012.05.07	18,29	18,53	17,97	18,4
2012.05.08	18,24	18,32	17,89	18,12
2012.05.09	17,93	18,11	17,69	18,03
2012.05.10	18,15	18,33	17,81	17,81
2012.05.11	17,62	17,93	17,46	17,46
2012.05.14	17,24	17,39	17,08	17,08
2012.05.15	17,17	17,41	16,71	16,71
2012.05.16	17,41	17,71	17,12	17,43
2012.05.17	17,56	17,56	16,65	16,65
2012.05.18	16,81	17,36	16,65	17,23
2012.05.21	17,34	18,43	17,29	18,43
2012.05.22	18,36	18,52	17,8	17,81
2012.05.23	17,76	17,88	17,08	17,37
2012.05.24	17,47	17,67	16,77	16,9
2012.05.25	16,91	17,26	16,74	16,84
2012.05.28	17,12	17,3	16,97	16,98
2012.05.29	17,09	17,37	16,9	17,03
2012.05.30	16,77	16,88	16,55	16,58
2012.05.31	16,7	17,28	16,34	17,28
2012.06.01	16,74	17,18	16,62	16,99
2012.06.04	17,02	17,4	16,88	17,27
2012.06.05	17,36	17,46	16,93	16,99
2012.06.06	17,21	17,46	17,13	17,25
2012.06.08	17,21	17,35	16,86	17,06
2012.06.11	17,27	17,34	16,62	16,62
2012.06.12	16,67	16,87	16,55	16,81
2012.06.13	16,74	17,09	16,62	17,08
2012.06.14	16,76	16,97	16,4	16,42
2012.06.15	16,51	16,76	16,11	16,76
2012.06.18	16,65	17,2	16,45	17,08
2012.06.19	17,17	18,06	17,12	17,75
2012.06.20	17,83	18,21	17,75	17,98
2012.06.21	18,08	18,13	17,41	17,41
2012.06.22	17,53	17,76	17,22	17,66
2012.06.25	16,9	17,07	16,08	16,08
2012.06.26	16,3	16,49	16,05	16,26
2012.06.27	16,26	16,45	15,92	15,94
2012.06.28	15,9	16,26	15,74	15,99
2012.06.29	16,48	16,56	16,24	16,49
2012.07.02	16,35	16,71	16,24	16,59
2012.07.03	16,73	17,28	16,62	17,16
2012.07.04	17,07	17,37	16,98	17,12
2012.07.05	17,26	17,88	17,21	17,71
2012.07.06	17,48	17,62	17,26	17,35
2012.07.10	17,26	17,33	16,58	16,62
2012.07.11	16,72	16,99	16,45	16,75
2012.07.12	16,53	16,92	16,3	16,79
2012.07.13	17,66	17,75	17,47	17,66
2012.07.16	17,66	17,85	17,31	17,48
2012.07.17	17,56	17,7	17,28	17,39
2012.07.18	17,3	17,47	17,15	17,47
2012.07.19	17,47	17,86	17,47	17,73
2012.07.20	17,51	17,67	17,27	17,33
2012.07.23	17,05	17,2	16,63	17,13
2012.07.24	17,21	17,35	16,83	16,98
2012.07.25	17,17	17,36	16,94	17,17
2012.07.26	17,4	17,54	17,17	17,4
2012.07.27	17,57	18,23	17,45	18,22
2012.07.30	18,12	18,35	17,9	18,35
2012.07.31	18,35	18,35	17,56	17,62
2012.08.01	17,62	18	17,26	17,91
2012.08.02	17,66	18,11	17,54	17,71
2012.08.03	18,05	18,31	17,94	18,02
2012.08.06	17,18	18,31	17,01	18
2012.08.07	18,21	18,65	18,13	18,3
2012.08.08	18,42	19,15	18,3	19,14
2012.08.09	18,89	19,09	18,7	18,97
2012.08.10	18,81	19,15	18,75	19,04
2012.08.13	18,99	19,24	18,89	19
2012.08.14	19,11	19,29	18,8	18,83
2012.08.15	18,78	19,07	18,74	19,02
2012.08.16	19,24	19,45	19,1	19,39
2012.08.17	19,49	19,52	19,26	19,47
2012.08.20	19,42	19,62	19,34	19,5
2012.08.21	19,75	19,77	19,12	19,19
2012.08.22	19,08	19,45	19	19,42
2012.08.23	19,34	19,43	19,1	19,23
2012.08.24	19,06	19,42	19,02	19,18
2012.08.27	19,22	19,33	19	19,31
2012.08.28	19,21	19,42	19,21	19,28
2012.08.29	19,42	19,44	19,06	19,16
2012.08.30	19,06	19,21	18,88	19,01
2012.08.31	19,11	19,16	18,75	18,75
2012.09.03	18,77	18,86	18,52	18,68
2012.09.04	18,64	18,74	18,41	18,46
2012.09.05	18,57	18,7	18,32	18,6
2012.09.06	18,68	19,1	18,61	18,97
2012.09.10	19,37	19,46	19,1	19,18
2012.09.11	19,22	19,66	19,2	19,62
2012.09.12	19,71	19,94	19,59	19,87
2012.09.13	19,82	20,84	19,71	20,69
2012.09.14	20,84	21,54	20,83	21,05
2012.09.17	20,93	21,4	20,65	21,01
2012.09.18	21,09	21,18	20,83	20,96
2012.09.19	20,92	21,09	20,46	20,48
2012.09.20	20,37	20,96	20,26	20,72
2012.09.21	20,92	21,01	20,51	20,51
2012.09.24	20,47	20,74	20,37	20,74
2012.09.25	20,74	20,87	20,42	20,55
2012.09.26	20,35	20,62	20,29	20,57
2012.09.27	20,69	20,77	20,5	20,52
2012.09.28	20,37	20,46	20,06	20,21
2012.10.01	20,18	20,64	20,16	20,34
2012.10.02	20,48	20,6	20,18	20,51
2012.10.03	20,56	20,67	20,13	20,18
2012.10.04	20,2	20,39	19,9	20,24
2012.10.05	20,49	20,49	20,06	20,1
2012.10.08	19,97	20,32	19,97	20,25
2012.10.09	20,28	20,42	20,05	20,08
2012.10.10	20,12	20,24	19,98	19,99
2012.10.11	20,12	20,42	20,06	20,33
2012.10.15	20,37	20,61	20,27	20,6
2012.10.16	20,73	20,87	20,37	20,6
2012.10.17	20,55	20,67	20,37	20,44
2012.10.18	20,37	20,46	20,15	20,33
2012.10.19	20,36	20,42	20,1	20,1
2012.10.22	20,18	20,37	19,89	19,92
2012.10.23	19,82	19,85	19,43	19,58
2012.10.24	19,63	19,71	19,46	19,46
2012.10.25	19,62	19,9	19,55	19,65
2012.10.26	19,6	20,25	19,53	19,97
2012.10.29	19,43	19,52	19,13	19,29
2012.10.30	19,34	19,59	19,34	19,45
2012.10.31	19,54	19,62	18,79	18,79
2012.11.01	18,9	19,03	18,68	18,84
2012.11.05	18,64	19,2	18,46	19,19
2012.11.06	19,37	19,7	19,22	19,59
2012.11.07	19,53	19,62	19,01	19,14
2012.11.08	19,15	19,29	18,59	18,62
2012.11.09	18,57	19,07	18,54	18,78
2012.11.12	18,82	18,94	18,47	18,47
2012.11.13	18,47	18,68	18,32	18,5
2012.11.14	18,33	18,56	17,76	17,89
2012.11.16	17,77	17,89	17,02	17,19
2012.11.19	17,56	17,73	17,28	17,28
2012.11.21	17,59	17,67	16,82	16,82
2012.11.22	17	17,12	16,67	16,85
2012.11.23	16,85	17,33	16,72	17,32
2012.11.26	17,28	17,28	16,9	17
2012.11.27	17,09	17,43	16,7	16,72
2012.11.28	16,66	17,01	16,58	16,85
2012.11.29	17,17	17,3	16,93	17,3
2012.11.30	17,25	17,42	16,72	16,86
2012.12.03	17,06	17,2	16,9	17,17
2012.12.04	17,2	17,29	16,95	17
2012.12.05	17,17	17,18	16,93	17,11
2012.12.06	17,09	17,15	16,9	16,9
2012.12.07	16,96	17,26	16,86	17,24
2012.12.10	17,2	17,68	17,11	17,68
2012.12.11	17,77	18,06	17,72	18,06
2012.12.12	18,01	18,12	17,78	17,93
2012.12.13	17,83	17,92	17,62	17,68
2012.12.14	17,7	18,32	17,65	18,26
2012.12.17	18,14	18,2	17,89	18
2012.12.18	17,94	18,31	17,93	18,22
2012.12.19	18,43	18,96	18,43	18,91
2012.12.20	18,86	19,06	18,64	19,02
2012.12.21	18,67	18,74	18,42	18,69
2012.12.26	18,56	18,68	18,12	18,12
2012.12.27	18,12	18,22	17,48	17,54
2012.12.28	17,62	17,74	17,44	17,64
2013.01.02	18,06	18,26	17,79	17,79
2013.01.03	17,9	18,43	17,8	18,43
2013.01.04	18,37	18,63	18,22	18,5
2013.01.07	18,5	18,68	18,03	18,14
2013.01.08	18,17	18,28	17,58	17,62
2013.01.09	17,75	17,95	17,58	17,78
2013.01.10	17,86	17,96	17,65	17,92
2013.01.11	17,93	18,11	17,8	17,96
2013.01.14	18,08	18,29	17,85	17,93
2013.01.15	18,17	18,21	17,87	17,91
2013.01.16	17,97	17,97	17,71	17,93
2013.01.17	17,94	18,01	17,79	17,81
2013.01.18	17,89	17,97	17,69	17,69
2013.01.21	17,68	17,71	17,41	17,52
2013.01.22	17,55	17,69	17,37	17,69
2013.01.23	17,62	17,74	17,56	17,66
2013.01.24	17,5	17,83	17,5	17,72
2013.01.28	17,83	17,9	17,44	17,5
2013.01.29	17,48	17,5	17,02	17,27
2013.01.30	17,16	17,16	16,42	16,44
2013.01.31	16,5	16,56	16,17	16,34
2013.02.01	16,39	16,85	16,37	16,68
2013.02.04	16,41	16,58	16,16	16,26
2013.02.05	15,61	16,53	15,59	16,34
2013.02.06	16,2	16,26	15,84	15,9
2013.02.07	16,04	16,25	15,65	15,81
2013.02.08	15,86	16,03	15,7	16,03
2013.02.13	16,22	16,26	16,02	16,08
2013.02.14	16,07	16,17	15,88	15,97
2013.02.15	15,91	16,07	15,84	15,93
2013.02.18	15,94	16,17	15,83	16,17
2013.02.19	16,18	16,43	16,16	16,35
2013.02.20	16,35	16,35	15,89	15,92
2013.02.21	15,78	15,87	15,54	15,65
2013.02.22	15,82	15,82	15,37	15,5
2013.02.25	15,41	15,45	15,22	15,31
2013.02.26	15,16	15,23	14,94	15,12
2013.02.27	15,17	15,34	15,03	15,19
2013.02.28	15,14	15,22	14,95	15,01
2013.03.01	14,91	15,38	14,82	15,27
2013.03.04	15,2	15,45	14,91	14,91
2013.03.05	15,03	15,14	14,88	14,96
2013.03.06	15,9	16,51	15,56	16,31
2013.03.07	16,54	17,69	16,54	17,12
2013.03.08	16,98	17,46	16,41	16,6
2013.03.11	16,53	17,14	16,19	17,1
2013.03.12	17,03	17,29	16,83	16,93
2013.03.13	17	17,35	16,94	16,95
2013.03.14	17,15	17,51	16,81	17,51
2013.03.15	17,53	17,66	17,18	17,25
2013.03.18	17,08	17,48	17,02	17,35
2013.03.19	17,3	17,46	17,01	17,26
2013.03.20	17,21	17,31	16,88	17,03
2013.03.21	16,91	17,04	16,74	16,74
2013.03.22	16,76	16,9	16,68	16,83
2013.03.25	16,92	17	16,64	16,83
2013.03.26	16,92	17,06	16,7	16,8
2013.03.27	16,81	16,81	16,58	16,64
2013.03.28	16,63	16,74	16,46	16,58
2013.04.01	16,51	16,61	16,3	16,3
2013.04.02	16,36	16,44	15,99	15,99
2013.04.03	15,97	16,26	15,97	16,26
2013.04.04	16,22	16,45	16	16,01
2013.04.05	15,88	16,18	15,86	16,08
2013.04.08	16,14	16,18	15,67	15,73
2013.04.09	15,79	16,49	15,79	16,4
2013.04.10	16,45	16,85	16,42	16,64
2013.04.11	16,69	16,74	16,15	16,25
2013.04.12	16,21	16,34	15,84	16,23
2013.04.15	15,99	16,11	15,57	15,57
2013.04.16	15,78	16,04	15,75	15,99
2013.04.17	15,76	15,9	15,34	15,51
2013.04.18	15,65	16,21	15,47	16,1
2013.04.19	16,4	16,7	16,22	16,7
2013.04.22	16,6	16,97	16,42	16,96
2013.04.23	16,9	17,64	16,86	17,33
2013.04.24	17,22	17,76	17,18	17,57
2013.04.25	17,59	17,79	17,29	17,35
2013.04.26	17,26	17,64	17,26	17,43
2013.04.29	18,07	18,59	18,02	18,39
2013.04.30	18,46	18,87	18,26	18,87
2013.05.02	18,65	19,38	18,65	19,02
2013.05.03	19,25	19,41	18,69	18,79
2013.05.06	18,8	19,12	18,62	19,12
2013.05.07	19,17	19,49	19,05	19,37
2013.05.08	19,49	19,56	19	19,06
2013.05.09	19,02	19,28	18,87	19,02
2013.05.10	18,94	19,16	18,52	18,74
2013.05.13	18,61	18,65	18,22	18,22
2013.05.14	18,35	18,49	18,09	18,37
2013.05.15	18,32	18,45	18,16	18,39
2013.05.16	18,34	18,87	18,28	18,56
2013.05.17	18,71	18,84	18,59	18,74
2013.05.20	18,7	19,02	18,38	18,98
2013.05.21	18,97	19,15	18,77	19,02
2013.05.22	19,04	19,17	18,49	18,71
2013.05.23	18,37	18,66	18,3	18,66
2013.05.24	18,69	18,94	18,59	18,84
2013.05.27	18,8	18,93	18,73	18,73
2013.05.28	18,94	19,11	18,8	18,86
2013.05.29	18,71	18,86	18,65	18,65
2013.05.31	18,67	19,13	18,6	18,84
2013.06.03	18,89	19,2	18,73	19,06
2013.06.04	19,22	19,23	18,75	18,86
2013.06.05	18,79	18,91	18,2	18,25
2013.06.06	18,28	18,37	18,05	18,28
2013.06.07	17,8	18,1	17,59	17,7
2013.06.10	17,7	17,96	17,69	17,74
2013.06.11	17,52	17,65	17,13	17,41
2013.06.12	17,54	17,66	16,97	17,02
2013.06.13	17	17,87	16,85	17,66
2013.06.14	17,52	17,72	16,97	16,97
2013.06.17	17,33	17,41	16,93	17
2013.06.18	16,86	16,99	16,55	16,75
2013.06.19	16,81	16,86	16,11	16,16
2013.06.20	15,88	16,23	15,5	15,99
2013.06.21	15,91	15,91	15,46	15,46
2013.06.24	15	15,27	14,63	14,95
2013.06.25	15,13	15,4	14,91	15,03
2013.06.26	15,16	15,45	15,11	15,17
2013.06.27	15,24	15,47	15,19	15,39
2013.06.28	15,36	15,36	14,98	15,2
2013.07.01	15,22	15,33	14,98	15,18
2013.07.02	15,08	15,27	14,2	14,46
2013.07.03	14,32	15,01	14,23	14,94
2013.07.04	15,13	15,19	14,92	14,99
2013.07.05	14,85	14,86	14,04	14,23
2013.07.08	14,28	14,42	14,06	14,07
2013.07.10	14,26	14,51	14,15	14,29
2013.07.11	14,58	14,86	14,33	14,84
2013.07.12	14,71	14,96	14,5	14,5
2013.07.15	14,52	14,74	14,42	14,6
2013.07.16	14,69	14,83	14,53	14,8
2013.07.17	14,95	15,22	14,91	15,09
2013.07.18	15,03	15,3	14,95	15,13
2013.07.19	15,1	15,13	14,89	14,92
2013.07.22	15	15,49	14,94	15,31
2013.07.23	15,42	15,65	15,39	15,42
2013.07.24	15,38	15,55	15,17	15,4
2013.07.25	15,26	15,86	15,23	15,82
2013.07.26	15,73	16,06	15,7	15,92
2013.07.29	15,96	16,03	15,62	15,67
2013.07.30	15,76	15,8	15,37	15,46
2013.07.31	15,34	15,5	15,19	15,3
2013.08.01	15,69	16,01	15,6	15,92
2013.08.02	15,85	16,01	15,68	15,79
2013.08.05	15,76	15,85	15,54	15,64
2013.08.06	15,67	15,69	15,19	15,3
2013.08.07	15,29	15,46	15,13	15,27
2013.08.08	15,36	15,83	15,22	15,64
2013.08.09	15,73	16,08	15,52	16,05
2013.08.12	16,25	16,59	15,47	15,53
2013.08.13	15,64	15,65	15,19	15,38
2013.08.14	15,37	15,97	15,3	15,92
2013.08.15	15,69	16,87	15,66	16,75
2013.08.16	16,69	16,97	16,37	16,7
2013.08.19	16,39	16,94	16,31	16,75
2013.08.20	16,64	16,77	16,07	16,09
2013.08.21	16,04	16,7	16,01	16,29
2013.08.22	16,72	17,26	16,56	17,16
2013.08.23	17,02	17,47	17,02	17,43
2013.08.26	17,38	17,56	17,07	17,09
2013.08.27	16,86	16,96	16,39	16,39
2013.08.28	16,45	16,68	16,06	16,12
2013.08.29	16,27	16,42	15,83	15,88
2013.08.30	15,98	16,02	15,52	15,78
2013.09.02	16,11	16,19	15,84	15,92
2013.09.03	15,87	16,09	15,67	15,76
2013.09.04	15,62	15,92	15,56	15,83
2013.09.05	15,84	16,73	15,82	16,48
2013.09.06	16,72	16,91	16,4	16,69
2013.09.09	16,69	17,11	16,69	17,07
2013.09.10	17,15	17,42	17,07	17,23
2013.09.11	17,18	17,42	16,98	17,15
2013.09.12	17,07	17,29	16,68	16,77
2013.09.13	16,77	17,16	16,72	17,03
2013.09.16	17,32	17,59	17,07	17,33
2013.09.17	17,47	17,47	17,19	17,41
2013.09.18	17,3	17,85	17,06	17,76
2013.09.19	17,81	18,14	17,63	18
2013.09.20	17,94	18,02	17,64	17,79
2013.09.23	17,85	18,06	17,77	17,96
2013.09.24	18,02	18,02	17,63	17,63
2013.09.25	17,6	17,77	17,49	17,66
2013.09.26	17,68	17,68	17,4	17,47
2013.09.27	17,45	17,68	17,32	17,38
2013.09.30	17,31	17,89	17,23	17,25
2013.10.01	17,41	17,56	17,26	17,54
2013.10.02	17,46	17,7	17,42	17,64
2013.10.03	17,66	17,69	17,32	17,42
2013.10.04	17,28	17,55	16,98	17,54
2013.10.07	17,45	17,69	17,38	17,49
2013.10.08	17,53	17,63	17,1	17,2
2013.10.09	17,29	17,34	16,88	16,98
2013.10.10	17,16	17,24	16,92	17,05
2013.10.11	17,05	17,2	16,9	17
2013.10.14	16,97	17,21	16,85	17,16
2013.10.15	17,23	17,36	17,08	17,31
2013.10.16	17,35	17,52	17,06	17,24
2013.10.17	17,16	17,41	17,06	17,11
2013.10.18	17,12	17,28	16,75	16,85
2013.10.21	16,9	17,83	16,64	17,74
2013.10.22	17,81	17,91	17,39	17,43
2013.10.23	17,43	17,71	17,22	17,22
2013.10.24	17,25	17,45	16,95	17,14
2013.10.25	17,13	17,6	17,1	17,37
2013.10.28	18,25	18,69	17,86	18,69
2013.10.29	18,52	18,75	18,16	18,51
2013.10.30	18,63	18,79	18	18,74
2013.10.31	18,75	19,32	18,65	19,19
2013.11.01	18,9	19,12	18,62	18,66
2013.11.04	18,78	19,05	18,74	19
2013.11.05	19,06	19,18	18,84	19,02
2013.11.06	19,06	19,18	18,87	19,18
2013.11.07	19,04	19,38	18,74	18,79
2013.11.08	18,74	18,86	18,41	18,45
2013.11.11	18,47	18,87	18,32	18,87
2013.11.12	18,85	19,02	18,35	18,37
2013.11.13	18,37	18,78	18,09	18,73
2013.11.14	18,79	19,25	18,75	19,21
2013.11.18	19,26	20,14	19,22	20,14
2013.11.19	20,01	20,08	19,6	19,83
2013.11.21	19,26	19,85	19,16	19,64
2013.11.22	19,49	19,92	19,42	19,42
2013.11.25	19,57	19,68	19,13	19,13
2013.11.26	18,7	18,83	17,93	17,93
2013.11.27	18,05	18,19	17,67	17,82
2013.11.28	17,8	18,06	17,43	17,53
2013.11.29	17,75	18,22	17,63	17,96
2013.12.02	16,78	16,98	16,31	16,31
2013.12.03	16,39	16,8	16,02	16,45
2013.12.04	16,69	16,69	16,32	16,35
2013.12.05	16,46	16,75	16,4	16,56
2013.12.06	16,66	16,7	16,14	16,19
2013.12.09	16,27	16,41	16,08	16,21
2013.12.10	16,31	16,4	16,22	16,25
2013.12.11	16,23	16,29	15,76	15,76
2013.12.12	15,83	15,99	15,68	15,84
2013.12.13	15,96	16,11	15,89	16
2013.12.16	16,21	16,44	16,05	16,29
2013.12.17	16,17	16,3	15,78	15,78
2013.12.18	15,92	16,01	15,81	15,82
2013.12.19	16,08	16,24	15,85	16,21
2013.12.20	16,21	16,24	15,78	15,89
2013.12.23	15,99	16,13	15,85	16,03
2013.12.26	16,11	16,15	15,87	15,9
2013.12.27	15,97	15,99	15,8	15,91
2013.12.30	15,92	16,21	15,92	16,05
2014.01.02	16,11	16,16	15,64	15,74
2014.01.03	15,73	15,76	15,43	15,43
2014.01.06	15,45	15,63	15,18	15,61
2014.01.07	15,64	15,81	15,18	15,18
2014.01.08	15,29	15,4	15,17	15,21
2014.01.09	15,21	15,3	14,7	14,75
2014.01.10	14,81	15,31	14,71	15
2014.01.13	15,04	15,14	14,71	14,82
2014.01.14	14,76	14,91	14,68	14,75
2014.01.15	14,83	15,17	14,74	15,07
2014.01.16	15,07	15,21	14,63	14,65
2014.01.17	14,77	14,82	14,52	14,57
2014.01.20	14,52	14,67	14,23	14,26
2014.01.21	14,3	14,56	14,28	14,41
2014.01.22	14,49	14,91	14,35	14,88
2014.01.23	14,72	14,95	14,53	14,53
2014.01.24	14,45	14,51	14,07	14,19
2014.01.27	14,29	14,37	14,13	14,2
2014.01.28	14,43	14,51	14,11	14,14
2014.01.29	14,15	14,22	13,88	13,9
2014.01.30	13,98	14,19	13,74	13,81
2014.01.31	13,75	14,16	13,67	13,81
2014.02.03	13,71	13,74	13	13,01
2014.02.04	13,19	13,36	12,94	13,24
2014.02.05	13,29	13,42	12,74	12,99
2014.02.06	13,1	13,49	13,04	13,35
2014.02.07	13,41	13,67	13,3	13,58
2014.02.10	13,49	13,81	13,46	13,73
2014.02.11	13,82	14,16	13,75	14,05
2014.02.12	14,17	14,19	13,95	14,05
2014.02.13	13,89	13,93	13,57	13,73
2014.02.14	13,82	13,82	13,59	13,7
2014.02.17	13,76	13,81	13,46	13,56
2014.02.18	13,55	13,7	13,26	13,26
2014.02.19	13,17	13,34	13,04	13,34
2014.02.20	13,21	13,47	13,13	13,3
2014.02.21	13,34	13,45	13,22	13,29
2014.02.24	13,26	13,69	13,16	13,62
2014.02.25	13,58	13,78	13,27	13,32
2014.02.26	13,34	13,39	12,85	12,85
2014.02.27	12,98	13,24	12,82	13,19
2014.02.28	13,25	13,29	12,77	12,77
2014.03.05	12,87	12,9	12,49	12,49
2014.03.06	12,61	12,89	12,5	12,62
2014.03.07	12,62	12,8	12,41	12,51
2014.03.10	12,47	12,56	12,12	12,22
2014.03.11	12,27	12,37	12,18	12,32
2014.03.12	12,32	12,65	12,29	12,51
2014.03.13	12,58	12,66	12,27	12,32
2014.03.14	12,29	12,33	12	12,01
2014.03.17	12,1	12,18	11,81	11,81
2014.03.18	11,88	12,26	11,81	12,19
2014.03.19	12,17	12,71	12,15	12,53
2014.03.20	12,43	13,19	12,36	13,14
2014.03.21	12,64	13,29	12,64	13,17
2014.03.24	13,31	13,56	13,03	13,53
2014.03.25	13,4	13,72	13,28	13,6
2014.03.26	13,67	13,8	13,48	13,53
2014.03.27	13,52	14,63	13,45	14,63
2014.03.28	14,63	14,82	14,28	14,71
2014.03.31	14,76	14,83	14,56	14,83
2014.04.01	14,77	14,87	14,54	14,85
2014.04.02	14,76	15,6	14,75	15,56
2014.04.03	15,53	15,65	15,12	15,4
2014.04.04	15,62	15,71	15,35	15,44
2014.04.07	15,7	16,46	15,7	16,46
2014.04.08	16,8	17,07	15,72	15,99
2014.04.09	15,91	15,94	15,42	15,85
2014.04.10	15,66	16,05	15,55	15,68
2014.04.11	15,53	16,19	15,41	16,19
2014.04.14	16,28	16,36	15,83	15,93
2014.04.15	15,76	16,09	15,13	15,32
2014.04.16	15,59	15,78	15,24	15,78
2014.04.17	15,9	16,6	15,54	16,38
2014.04.22	16,31	16,67	15,84	15,96
2014.04.23	15,97	16,07	15,75	16,03
2014.04.24	16,2	16,33	15,87	16,13
2014.04.25	15,95	16,06	15,65	16,03
2014.04.28	15,95	16,56	15,77	16,56
2014.04.29	16,68	17,1	16,51	16,69
2014.04.30	16,6	16,74	16,39	16,57
2014.05.02	16,55	17,6	16,51	17,6
2014.05.05	17,65	17,77	17,31	17,57
2014.05.06	17,43	18,48	17,31	18,24
2014.05.07	18,14	18,85	18,07	18,58
2014.05.08	18,6	18,8	17,75	17,88
2014.05.09	18,05	18,24	17,6	17,67
2014.05.12	17,95	18,1	17,77	18,03
2014.05.13	18	18,4	17,86	17,96
2014.05.14	17,96	18,34	17,85	18,29
2014.05.15	18,17	18,23	17,93	18,03
2014.05.16	18	18,37	17,91	18,05
2014.05.19	17,98	18,04	17,82	17,94
2014.05.20	17,9	18,38	17,1	17,3
2014.05.21	17,46	17,82	17,1	17,46
2014.05.22	17,51	17,77	17,34	17,65
2014.05.23	17,58	17,83	17,55	17,7
2014.05.26	17,8	17,9	17,71	17,86
2014.05.27	17,93	18,03	17,41	17,49
2014.05.28	17,55	17,79	17,26	17,7
2014.05.29	17,75	17,8	17,3	17,3
2014.05.30	17,18	17,25	16,69	16,69
2014.06.02	16,8	16,87	16,38	16,6
2014.06.03	16,53	16,96	16,47	16,9
2014.06.04	16,85	16,93	16,52	16,6
2014.06.05	16,71	16,83	16,29	16,32
2014.06.06	17,38	17,68	17,11	17,68
2014.06.09	17,57	18,24	17,38	18,07
2014.06.10	18,04	18,35	17,81	18,34
2014.06.11	18,7	18,96	18,3	18,88
2014.06.13	18,63	19,07	18,61	18,99
2014.06.16	19	19,13	18,64	18,74
2014.06.17	18,65	18,68	18,2	18,32
2014.06.18	18,41	19,03	18,25	19
2014.06.20	18,65	18,99	18,58	18,7
2014.06.23	18,75	18,75	18,3	18,3
2014.06.24	18,29	18,89	17,49	17,64
2014.06.25	17,2	17,77	17,13	17,29
2014.06.26	17,47	17,57	17,01	17,32
2014.06.27	17,25	17,39	17,1	17,2
2014.06.30	17,36	17,55	17,04	17,29
2014.07.01	17,35	17,45	16,92	17,19
2014.07.02	17,19	17,33	16,97	17,12
2014.07.03	16,9	17,5	16,85	17,5
2014.07.04	17,43	17,55	17,35	17,5
2014.07.07	17,41	17,44	17,14	17,28
2014.07.08	17,36	17,42	17,17	17,33
2014.07.10	17,78	18,17	17,62	18,11
2014.07.11	18,07	18,32	17,8	18,28
2014.07.14	18,48	19,18	18,42	19,1
2014.07.15	19,1	19,37	18,83	19,26
2014.07.16	19,35	19,39	19,08	19,31
2014.07.17	19,2	19,92	19,12	19,56
2014.07.18	20,81	20,87	20,15	20,52
2014.07.21	20,43	21,02	20,26	20,9
2014.07.22	20,9	21,23	20,56	21,05
2014.07.23	20,56	20,74	20,17	20,26
2014.07.24	20,36	20,44	19,95	20,31
2014.07.25	20,41	20,57	20,28	20,49
2014.07.28	20,57	20,6	20,09	20,15
2014.07.29	20,1	20,12	19,57	19,62
2014.07.30	19,7	20,05	19,63	19,85
2014.07.31	19,6	19,65	19,01	19,1
2014.08.01	19,01	19,21	18,72	19,01
2014.08.04	19,15	19,45	18,87	19,45
2014.08.05	19,46	20,09	19,3	19,7
2014.08.06	19,84	20,54	19,67	20,31
2014.08.07	20,6	20,69	19,88	20,15
2014.08.08	19,8	19,86	19,31	19,31
2014.08.11	19,37	20,2	19,22	20,14
2014.08.12	20,09	20,29	19,57	19,67
2014.08.13	19,75	19,93	18,5	18,69
2014.08.14	18,68	19,05	18,33	18,6
2014.08.15	18,9	20,1	18,9	20,06
2014.08.18	20,55	20,73	19,82	20,4
2014.08.19	20,21	20,99	20,17	20,91
2014.08.20	20,8	21,49	20,71	21,36
2014.08.21	21,25	21,67	21,07	21,3
2014.08.22	21,14	21,32	20,73	20,92
2014.08.25	21,22	22,05	21,12	22,04
2014.08.26	22,03	22,52	21,78	21,84
2014.08.27	22,15	23,21	21,9	22,84
2014.08.28	22,69	23,33	22,55	22,8
2014.08.29	23,15	23,59	22,6	23,35
2014.09.01	23,95	24,59	23,81	23,83
2014.09.02	24	24,9	23,4	24,56
2014.09.03	24,84	24,88	23,6	23,95
2014.09.04	23,09	24	22,79	22,79
2014.09.05	22,75	23,3	22,43	22,82
2014.09.08	23,42	23,68	21,7	21,7
2014.09.09	21,51	22,19	21,12	21,48
2014.09.10	21,16	21,48	20,6	20,95
2014.09.11	21,18	21,73	21	21,21
2014.09.12	20,87	21	19,85	20,14
2014.09.15	20,25	20,66	20,06	20,55
2014.09.16	20,76	22,38	20,7	21,55
2014.09.17	22,33	22,53	21,86	22,12
2014.09.18	21,85	22,12	21,18	21,29
2014.09.19	21	21,38	20,69	20,91
2014.09.22	20,45	20,59	19,68	20,59
2014.09.23	20,1	21	19,9	20,13
2014.09.24	19,95	20,61	19,84	20,23
2014.09.25	20,29	20,4	19,84	19,84
2014.09.26	19,9	21,24	19,8	20,94
2014.09.29	19,02	19,25	18,6	18,6
2014.09.30	18,49	18,65	17,75	18,09
2014.10.01	17,7	17,86	17,09	17,09
2014.10.02	17,4	17,72	16,86	17,3
2014.10.03	17,6	18,52	17,24	18,35
2014.10.06	21,5	21,5	20,09	20,39
2014.10.07	20,85	21,79	20,64	21,21
2014.10.08	21,8	21,85	20,01	20,85
2014.10.09	21,29	21,9	21,2	21,2
2014.10.10	20,9	21,14	20,02	20,02
2014.10.13	21,36	22,42	21,11	22,13
2014.10.14	21,82	22,53	21,4	21,65
2014.10.15	20,6	20,88	19,62	20,15
2014.10.16	19,01	19,5	18,65	18,65
2014.10.17	19,37	19,53	18,65	19,09
2014.10.20	18,92	18,99	17,87	17,92
2014.10.21	16,74	17,35	16,4	16,68
2014.10.22	16,81	17,25	16,38	16,61
2014.10.23	16,37	16,45	15,41	15,41
2014.10.24	15,8	16,89	15,52	16,3
2014.10.27	14	14,59	13,76	14,29
2014.10.28	14,9	15,08	14,63	15,03
2014.10.29	14,77	14,79	14,01	14,02
2014.10.30	14,6	14,69	14,01	14,32
2014.10.31	14,58	15,28	14,37	15,28
2014.11.03	14,96	15,1	14,55	14,85
2014.11.04	15	15,03	14,37	14,82
2014.11.05	14,5	14,62	14,33	14,4
2014.11.06	14,28	14,28	13,78	14,06
2014.11.07	14,25	14,63	13,52	14,27
2014.11.10	14,3	14,37	13,92	13,98
2014.11.11	13,81	14	13,67	14
2014.11.12	13,97	14,49	13,83	14,11
2014.11.13	14,32	14,37	13,6	13,6
2014.11.14	12,9	13,33	12,85	13,2
2014.11.17	13,07	13,25	12,52	12,6
2014.11.18	12,76	12,85	12	12,45
2014.11.19	12,4	12,97	12,31	12,78
2014.11.21	13,01	14,31	13,01	14,3
2014.11.24	14,62	15,26	14,1	14,21
2014.11.25	14,44	14,93	13,85	14,15
2014.11.26	14,44	14,53	13,96	14,1
2014.11.27	14,2	14,62	13,33	13,44
2014.11.28	13,45	13,56	12,8	12,8
2014.12.01	12,61	12,69	12,21	12,32
2014.12.02	12,5	12,56	12,09	12,13
2014.12.03	12,26	12,8	12,21	12,73
2014.12.04	12,79	12,79	12,17	12,23
2014.12.05	12,32	12,37	12,05	12,26
2014.12.08	12,15	12,15	11,41	11,5
2014.12.09	11,1	11,39	10,81	11,36
2014.12.10	11,35	11,36	10,82	10,83
2014.12.11	10,9	11,04	10,32	10,82
2014.12.12	10,65	10,69	10,11	10,11
2014.12.15	10,21	10,29	9,18	9,18
2014.12.16	8,6	9,92	8,56	9,38
2014.12.17	9,5	9,86	9,37	9,66
2014.12.18	9,89	10,35	9,38	9,46
2014.12.19	9,95	9,98	9,57	9,83
2014.12.22	9,9	10,32	9,71	10,32
2014.12.23	10,37	10,99	10,19	10,97
2014.12.26	10,87	10,88	10,21	10,3
2014.12.29	10,15	10,54	10,06	10,28
2014.12.30	10,16	10,35	10,02	10,02
2015.01.02	9,99	9,99	9,36	9,36
2015.01.05	9,14	9,19	8,58	8,61
2015.01.06	8,71	8,83	8,04	8,33
2015.01.07	8,56	8,73	8,36	8,67
2015.01.08	8,79	9,39	8,74	9,18
2015.01.09	9,2	9,4	8,93	9,4
2015.01.12	9,27	9,58	8,79	8,91
2015.01.13	8,9	9,39	8,85	9
2015.01.14	8,88	8,96	8,64	8,74
2015.01.15	9	9,39	8,87	9,34
2015.01.16	9,46	9,63	9,24	9,44
2015.01.19	9,35	9,54	9,15	9,19
2015.01.20	9,6	9,85	9,15	9,32
2015.01.21	9,45	9,83	9,32	9,82
2015.01.22	10,1	10,46	9,97	10,25
2015.01.23	10,11	10,41	9,88	10
2015.01.26	9,79	9,97	9,66	9,91
2015.01.27	9,72	10,37	9,53	10,17
2015.01.28	9,43	9,54	8,95	9,03
2015.01.29	9,05	9,08	8,34	8,75
2015.01.30	8,2	8,34	8,08	8,18
2015.02.02	8,46	8,68	8,13	8,66
2015.02.03	9,01	10	9,01	10
2015.02.04	10,3	10,78	9,56	10,02
2015.02.05	9,86	10,29	9,7	9,8
2015.02.06	9,8	9,81	8,87	9,12
2015.02.09	8,8	9,47	8,72	9,28
2015.02.10	9,22	9,8	8,92	8,92
2015.02.11	8,94	9,19	8,81	9,03
2015.02.12	9,35	9,54	9,27	9,5
2015.02.13	9,68	10,1	9,66	9,99
2015.02.18	10,16	10,34	10,04	10,12
2015.02.19	9,96	9,97	9,65	9,75
2015.02.20	9,82	9,9	9,53	9,67
2015.02.23	9,55	9,59	9,39	9,49
2015.02.24	9,65	9,89	9,59	9,86
2015.02.25	9,1	9,39	9	9,38
2015.02.26	9,4	9,52	9,16	9,27
2015.02.27	9,3	9,64	9,1	9,57
2015.03.02	9,44	9,71	9,27	9,4
2015.03.03	9,69	9,8	9,52	9,6
2015.03.04	9,41	9,45	9,21	9,21
2015.03.05	9,31	9,38	9,16	9,28
2015.03.06	9,2	9,35	9,17	9,24
2015.03.09	9,13	9,18	8,9	8,91
2015.03.10	8,83	8,98	8,51	8,55
2015.03.11	8,67	8,83	8,58	8,79
2015.03.12	8,97	9,08	8,44	8,5
2015.03.13	8,25	8,39	8,16	8,3
2015.03.16	8,49	8,5	8,19	8,46
2015.03.17	8,35	8,93	8,32	8,89
2015.03.18	8,85	9,29	8,67	9,27
2015.03.19	9,18	9,23	8,85	8,9
2015.03.20	9,08	9,35	8,96	9,35
2015.03.23	9,3	9,44	9,2	9,35
2015.03.24	9,37	9,45	9,22	9,39
2015.03.25	9,65	9,89	9,53	9,84
2015.03.26	9,92	9,96	9,32	9,35
2015.03.27	9,3	9,61	9,17	9,38
2015.03.30	9,5	9,75	9,42	9,72
2015.03.31	9,58	9,92	9,47	9,73
2015.04.01	9,93	10,37	9,87	10,21
2015.04.02	10,17	10,72	10,17	10,72
2015.04.06	10,8	10,99	10,69	10,69
2015.04.07	10,6	10,96	10,46	10,89
2015.04.08	11,1	11,33	10,49	10,6
2015.04.09	10,7	11,57	10,58	11,56
2015.04.10	11,52	11,93	11,27	11,82
2015.04.13	11,97	12,75	11,9	12,27
2015.04.14	12,67	12,74	11,97	12,49
2015.04.15	12,7	13,38	12,47	13,33
2015.04.16	13,25	13,33	12,52	12,93
2015.04.17	12,61	13,24	12,52	13,01
2015.04.20	13,23	13,38	13,02	13,09
2015.04.22	13,19	13,29	12,66	13,12
2015.04.23	12,3	13,26	11,89	12,92
2015.04.24	13,19	13,78	13,18	13,26
2015.04.27	12,95	13,12	12,57	12,58
2015.04.28	12,76	12,87	12,25	12,78
2015.04.29	12,58	12,93	12,53	12,82
2015.04.30	12,83	13,15	12,8	13,05
2015.05.04	13,31	13,85	13,3	13,8
2015.05.05	13,7	14,61	13,67	14,38
2015.05.06	14,75	14,95	13,57	13,64
2015.05.07	13,8	14,05	13,33	13,7
2015.05.08	14,04	14,09	13,36	13,52
2015.05.11	13,68	13,83	13,43	13,72
2015.05.12	13,7	14,06	13,63	13,79
2015.05.13	13,87	14,13	13,75	13,97
2015.05.14	14,1	14,23	13,76	13,89
2015.05.15	13,92	14,12	13,61	14,06
2015.05.18	14,64	14,65	13,52	13,78
2015.05.19	13,55	13,59	12,79	12,91
2015.05.20	12,76	13,12	12,63	12,89
2015.05.21	12,86	13,52	12,86	13,45
2015.05.22	13,52	13,65	12,92	13,08
2015.05.25	12,98	13,01	12,72	12,8
2015.05.26	12,8	12,86	12,39	12,39
2015.05.27	12,5	12,66	12,29	12,55
2015.05.28	12,47	12,82	12,4	12,67
2015.05.29	12,71	12,78	12,33	12,33
2015.06.01	12,43	12,65	12,25	12,37
2015.06.02	12,55	12,95	12,47	12,84
2015.06.03	12,96	13,1	12,72	12,83
2015.06.05	12,58	12,78	12,42	12,56
2015.06.08	12,61	12,77	12,47	12,57
2015.06.09	12,61	13,17	12,57	12,97
2015.06.10	13,3	13,44	12,92	13,05
2015.06.11	13,13	13,14	12,85	13,05
2015.06.12	12,86	13,04	12,83	13,02
2015.06.15	12,97	13,09	12,9	12,99
2015.06.16	13,04	13,48	12,91	13,35
2015.06.17	13,5	13,59	13,12	13,19
2015.06.18	13,28	13,44	13,15	13,44
2015.06.19	13,31	13,44	13,1	13,17
2015.06.22	13,3	13,37	13,13	13,2
2015.06.23	13,27	13,43	12,95	12,97
2015.06.24	13,06	13,35	13,05	13,2
2015.06.25	13,23	13,24	12,52	12,6
2015.06.26	12,66	13,21	12,64	13,21
2015.06.29	13	13,59	12,62	12,75
2015.06.30	12,9	12,99	12,65	12,71
2015.07.01	12,8	12,85	12,01	12,18
2015.07.02	12,35	12,53	12,16	12,3
2015.07.03	12,25	12,31	11,68	11,73
2015.07.06	11,51	11,73	11,28	11,48
2015.07.07	11,36	11,81	10,82	11,78
2015.07.08	11,62	11,99	11,33	11,55
2015.07.10	11,9	11,98	11,75	11,79
2015.07.13	11,87	11,93	11,58	11,82
2015.07.14	11,69	12,08	11,58	12
2015.07.15	11,96	12,06	11,72	11,8
2015.07.16	11,89	11,99	11,82	11,92
2015.07.17	11,82	11,9	11,39	11,4
2015.07.20	11,46	11,54	10,75	10,79
2015.07.21	10,91	11,24	10,6	10,77
2015.07.22	10,61	10,72	10,33	10,36
2015.07.23	10,22	10,56	10,12	10,17
2015.07.24	10,17	10,23	9,76	10,04
2015.07.27	9,96	9,99	9,51	9,51
2015.07.28	9,69	10,22	9,61	9,97
2015.07.29	10,01	10,72	9,91	10,72
2015.07.30	10,83	10,93	10,24	10,47
2015.07.31	10,48	10,7	10,32	10,5
2015.08.03	10,36	10,41	9,95	10,02
2015.08.04	10,14	10,45	10,1	10,18
2015.08.05	10,41	10,55	10,01	10,01
2015.08.06	9,86	10,39	9,74	10,32
2015.08.07	10,25	10,55	9,69	9,69
2015.08.10	9,81	10,03	9,57	9,95
2015.08.11	9,79	9,86	9,47	9,83
2015.08.12	9,8	10,01	9,67	9,88
2015.08.13	9,91	9,97	9,51	9,51
2015.08.14	9,61	9,68	9,3	9,3
2015.08.17	9,2	9,36	9,12	9,12
2015.08.18	9,06	9,2	8,82	9
2015.08.19	8,95	9,05	8,63	8,79
2015.08.20	8,64	8,96	8,56	8,73
2015.08.21	8,6	8,64	8,3	8,3
2015.08.24	7,76	8,17	7,53	7,76
2015.08.25	8,1	8,23	7,88	7,9
2015.08.26	8,07	8,13	7,85	8,11
2015.08.27	8,25	8,89	8,23	8,89
2015.08.28	8,67	9,39	8,61	9
2015.08.31	8,71	9,29	8,52	9,19
2015.09.01	8,75	9,09	8,54	8,59
2015.09.02	8,75	8,84	8,33	8,82
2015.09.03	8,93	9,21	8,54	8,76
2015.09.04	8,6	8,76	8,51	8,51
2015.09.08	8,7	8,79	8,58	8,64
2015.09.09	8,81	8,9	8,36	8,39
2015.09.10	7,9	8,15	7,81	7,97
2015.09.11	7,94	7,99	7,59	7,66
2015.09.14	7,7	7,82	7,46	7,72
2015.09.15	7,65	7,87	7,54	7,65
2015.09.16	7,77	8,24	7,74	8,14
2015.09.17	8,05	8,11	7,86	7,86
2015.09.18	7,75	7,76	7,5	7,6
2015.09.21	7,66	7,68	7,3	7,3
2015.09.22	7,24	7,24	6,81	6,97
2015.09.23	6,96	7,16	6,7	6,82
2015.09.24	6,61	7,14	6,6	6,96
2015.09.25	7,12	7,22	6,77	6,82
2015.09.28	6,74	6,75	6,44	6,44
2015.09.29	6,54	6,79	6,5	6,59
2015.09.30	7,25	7,26	6,97	7,24
2015.10.01	7,31	7,46	6,99	7,02
2015.10.02	6,99	7,83	6,9	7,77
2015.10.05	7,9	8,14	7,75	7,82
2015.10.06	7,86	8,34	7,84	8,19
2015.10.07	8,51	8,9	8,27	8,47
2015.10.08	8,46	8,84	8,28	8,75
2015.10.09	9,02	9,07	8,58	8,8
2015.10.13	8,36	8,47	8,07	8,13
2015.10.14	8,07	8,23	7,89	7,96
2015.10.15	8	8,07	7,67	8
2015.10.16	7,99	8,08	7,81	7,95
2015.10.19	7,9	7,96	7,76	7,95
2015.10.20	8	8,19	7,97	8,05
2015.10.21	7,95	8,06	7,71	7,75
2015.10.22	7,82	8,11	7,81	8,02
2015.10.23	8,26	8,28	7,94	7,99
2015.10.26	8,05	8,13	7,8	7,85
2015.10.27	7,86	7,86	7,55	7,6
2015.10.28	7,61	7,95	7,52	7,7
2015.10.29	7,57	7,93	7,57	7,61
2015.10.30	7,6	7,78	7,54	7,71
2015.11.03	7,84	8,48	7,77	8,48
2015.11.04	8,58	8,65	8,02	8,08
2015.11.05	8,08	8,17	7,87	8,11
2015.11.06	8,04	8,08	7,73	7,82
2015.11.09	7,83	7,93	7,59	7,64
2015.11.10	7,6	7,69	7,51	7,61
2015.11.11	7,71	7,83	7,64	7,72
2015.11.12	7,72	7,74	7,53	7,58
2015.11.13	7,5	7,56	7,23	7,27
2015.11.16	7,31	7,7	7,31	7,7
2015.11.17	7,8	7,86	7,64	7,76
2015.11.18	7,81	8,03	7,79	7,82
2015.11.19	7,96	7,98	7,62	7,84
2015.11.23	7,9	8,1	7,85	8,08
2015.11.24	8,05	8,5	7,95	8,5
2015.11.25	8,28	8,35	7,9	7,9
2015.11.26	7,95	8,04	7,82	7,92
2015.11.27	7,81	7,86	7,57	7,6
2015.11.30	7,54	7,84	7,42	7,67
2015.12.01	7,67	7,76	7,45	7,49
2015.12.02	7,54	7,59	7,35	7,52
2015.12.03	7,99	8,17	7,79	7,98
2015.12.04	7,97	7,97	7,42	7,52
2015.12.07	7,6	7,61	7,15	7,19
2015.12.08	7,2	7,2	6,95	7,13
2015.12.09	7,34	7,82	7,27	7,65
2015.12.10	7,51	7,57	7,31	7,45
2015.12.11	7,26	7,53	7,21	7,25
2015.12.14	7,15	7,23	7,07	7,21
2015.12.15	7,34	7,47	7,3	7,42
2015.12.16	7,28	7,36	7,09	7,29
2015.12.17	7,35	7,52	7,19	7,2
2015.12.18	7,02	7,1	6,92	7,02
2015.12.21	7,06	7,09	6,62	6,64
2015.12.22	6,76	6,82	6,62	6,79
2015.12.23	6,91	7,04	6,87	6,93
2015.12.28	6,9	6,9	6,65	6,7
2015.12.29	6,81	6,87	6,68	6,69
2015.12.30	6,66	6,76	6,52	6,7
2016.01.04	6,57	7,03	6,55	6,87
2016.01.05	6,92	7	6,62	6,68
2016.01.06	6,53	6,54	6,4	6,4
2016.01.07	6,19	6,43	6,08	6,26
2016.01.08	6,38	6,45	6,13	6,27
2016.01.11	6,27	6,3	6,05	6,09
2016.01.12	6,12	6,12	5,51	5,53
2016.01.13	5,7	5,74	5,25	5,27
2016.01.14	5,31	5,69	5,13	5,69
2016.01.15	5,35	5,44	5,16	5,17
2016.01.18	5,19	5,21	4,8	4,8
2016.01.19	5,03	5,05	4,64	4,66
2016.01.20	4,5	4,5	4,26	4,43
2016.01.21	4,37	4,67	4,36	4,5
2016.01.22	4,73	4,77	4,4	4,41
2016.01.26	4,23	4,31	4,12	4,2
2016.01.27	4,22	4,64	4,16	4,57
2016.01.28	4,67	5,13	4,35	4,6
2016.01.29	4,7	4,86	4,52	4,84
2016.02.01	4,74	4,86	4,66	4,72
2016.02.02	4,56	4,65	4,3	4,3
2016.02.03	4,42	4,52	4,22	4,49
2016.02.04	4,56	4,94	4,36	4,73
2016.02.05	4,73	4,78	4,53	4,54
2016.02.10	4,3	4,41	4,28	4,31
2016.02.11	4,2	4,27	4,12	4,23
2016.02.12	4,37	4,51	4,3	4,45
2016.02.15	4,56	4,6	4,52	4,52
2016.02.16	4,5	4,64	4,42	4,44
2016.02.17	4,54	4,82	4,51	4,68
2016.02.18	4,69	4,87	4,55	4,59
2016.02.19	4,5	4,57	4,4	4,46
2016.02.22	4,67	5,04	4,63	5,04
2016.02.23	4,95	5,28	4,82	4,92
2016.02.24	4,77	4,93	4,65	4,87
2016.02.25	4,81	5,08	4,79	4,89
2016.02.26	5,02	5,1	4,83	4,87
2016.02.29	5,08	5,23	4,98	5,14
2016.03.01	5,31	5,37	5,1	5,31
2016.03.02	5,21	5,65	5,15	5,65
2016.03.03	5,85	6,8	5,8	6,57
2016.03.04	7,9	7,9	6,9	7,22
2016.03.07	7,25	7,53	6,95	7,37
2016.03.08	7,37	7,84	7,08	7,47
2016.03.09	7,7	7,78	7,36	7,6
2016.03.10	7,8	7,96	7,31	7,95
2016.03.11	7,94	8,22	7,67	8,09
2016.03.14	8,13	8,2	7,4	7,4
2016.03.15	6,83	6,96	6,56	6,61
2016.03.16	6,51	7,23	6,41	7,23
2016.03.17	8,15	8,19	7,71	8,1
2016.03.18	8,09	8,17	7,72	8,12
2016.03.21	8,08	8,27	7,93	8,06
2016.03.22	7,85	8,18	7,73	8,11
2016.03.23	7,88	7,96	7,66	7,78
2016.03.24	7,53	8	7,32	7,81
2016.03.28	8,15	8,48	7,91	8,44
2016.03.29	8,34	8,85	8,19	8,49
2016.03.30	8,7	9	8,28	8,44
2016.03.31	8,36	8,63	8,19	8,35
2016.04.01	8,05	8,41	7,94	8,36
2016.04.04	8	8,18	7,53	7,58
2016.04.05	7,55	8,05	7,41	7,83
2016.04.06	7,77	7,96	7,58	7,58
2016.04.07	7,79	7,85	7,6	7,7
2016.04.08	8,13	8,34	8,04	8,26
2016.04.11	8,43	8,58	8,34	8,39
2016.04.12	8,55	9,15	8,49	9,03
2016.04.13	9,41	9,74	9,29	9,51
2016.04.14	9,73	9,77	9,12	9,16
2016.04.15	9,25	9,83	9,07	9,69
2016.04.18	9,65	9,72	8,89	9,24
2016.04.19	9,48	9,67	9,34	9,62
2016.04.20	9,4	9,64	9,34	9,48
2016.04.22	9,32	9,93	9,29	9,75
2016.04.25	9,71	9,9	9,33	9,33
2016.04.26	9,48	9,74	9,34	9,67
2016.04.27	9,85	10,3	9,77	10,25
2016.04.28	10,23	10,54	10,08	10,23
2016.04.29	10,41	10,49	10,01	10,23
2016.05.02	10,25	10,36	9,93	10,17
2016.05.03	10,01	10,09	9,71	9,78
2016.05.04	9,85	10,15	9,85	9,92
2016.05.05	10,28	10,3	9,6	9,81
2016.05.06	9,63	10,13	9,58	10,08
2016.05.09	10,01	10,05	8,84	9,48
2016.05.10	9,82	10,21	9,72	10,21
2016.05.11	10,39	10,5	9,99	10,25
2016.05.12	10,4	10,47	9,79	9,79
2016.05.13	9,93	10,06	9,39	9,46
2016.05.16	9,55	9,85	9,52	9,75
2016.05.17	9,83	9,88	9,46	9,5
2016.05.18	9,31	9,65	9,27	9,32
2016.05.19	9,25	9,25	8,65	8,96
2016.05.20	9,2	9,46	8,9	8,9
2016.05.23	8,55	8,67	8,42	8,5
2016.05.24	8,69	8,85	8,45	8,53
2016.05.25	8,68	8,94	8,59	8,67
2016.05.27	8,5	8,57	8,23	8,23
2016.05.30	8,18	8,62	8,06	8,38
2016.05.31	8,36	8,57	8,04	8,04
2016.06.01	8,09	8,25	7,86	8,18
2016.06.02	8,19	8,41	8,03	8,4
2016.06.03	8,51	8,67	8,45	8,57
2016.06.06	8,7	8,78	8,45	8,46
2016.06.07	8,42	8,72	8,39	8,62
2016.06.08	8,8	9,41	8,8	9,39
2016.06.09	9,28	9,38	9,05	9,18
2016.06.10	8,97	8,99	8,78	8,78
2016.06.13	8,58	8,84	8,52	8,62
2016.06.14	8,6	8,77	8,25	8,3
2016.06.15	8,3	8,69	8,27	8,51
2016.06.16	8,41	8,54	8,28	8,5
2016.06.17	8,75	8,95	8,73	8,95
2016.06.20	9,22	9,37	9,12	9,18
2016.06.21	9,09	9,54	8,94	9,53
2016.06.22	9,61	9,75	9,34	9,34
2016.06.23	9,59	9,7	9,51	9,67
2016.06.24	9	9,33	8,92	9,25
2016.06.27	9,22	9,34	8,78	8,78
2016.06.28	9,1	9,28	9,07	9,2
2016.06.29	9,43	9,57	9,32	9,5
2016.06.30	9,42	9,49	9,24	9,42
2016.07.01	9,48	9,85	9,37	9,82
2016.07.04	9,95	10,05	9,79	9,87
2016.07.05	9,65	9,67	9,23	9,29
2016.07.06	9,09	9,52	8,95	9,5
2016.07.07	9,66	9,98	9,52	9,56
2016.07.08	9,85	9,94	9,67	9,84
2016.07.11	10	10,37	9,98	10,36
2016.07.12	10,61	10,8	10,58	10,65
2016.07.13	10,47	10,63	10,21	10,63
2016.07.14	10,92	10,98	10,66	10,93
2016.07.15	10,91	11,06	10,82	11,02
2016.07.18	10,97	11,74	10,87	11,55
2016.07.19	11,51	11,97	11,5	11,78
2016.07.20	11,82	11,9	11,54	11,82
2016.07.21	11,77	11,99	11,73	11,85
2016.07.22	11,84	11,97	11,72	11,94
2016.07.25	11,98	12,25	11,91	12,03
2016.07.26	11,95	12,07	11,85	11,88
2016.07.27	11,99	12,04	11,51	11,51
2016.07.28	11,4	11,55	11,15	11,44
2016.07.29	11,76	11,98	11,61	11,87
2016.08.01	11,93	11,97	11,22	11,25
2016.08.02	11,33	11,62	11,1	11,36
2016.08.03	11,58	11,9	11,33	11,9
2016.08.04	11,93	12,12	11,87	12,01
2016.08.05	12,12	12,17	11,65	11,65
2016.08.08	11,79	11,97	11,7	11,91
2016.08.09	11,92	12,07	11,75	11,88
2016.08.10	11,95	11,97	11,56	11,56
2016.08.11	11,63	12,1	11,6	12,1
2016.08.12	12,05	12,44	11,98	12
2016.08.15	12,19	12,37	12,07	12,31
2016.08.16	12,31	12,56	12,14	12,49
2016.08.17	12,47	12,76	12,32	12,76
2016.08.18	12,8	13,03	12,78	12,88
2016.08.19	12,82	12,92	12,7	12,79
2016.08.22	12,63	12,63	12,3	12,35
2016.08.23	12,48	12,86	12,42	12,67
2016.08.24	12,5	12,71	12,37	12,4
2016.08.25	12,42	12,64	12,35	12,53
2016.08.26	12,69	12,9	12,45	12,55
2016.08.29	12,5	12,96	12,45	12,87
2016.08.30	13,04	13,23	12,97	13,09
2016.08.31	13,13	13,22	12,71	12,85
2016.09.01	12,97	13,09	12,76	13
2016.09.02	13,22	13,58	13,15	13,57
2016.09.05	13,79	13,93	13,73	13,83
2016.09.06	13,69	13,98	13,53	13,98
2016.09.08	14,07	14,29	13,96	14,22
2016.09.09	13,96	14,02	13,51	13,51
2016.09.12	13,32	13,95	13,27	13,95
2016.09.13	13,7	13,85	12,94	13,01
2016.09.14	13,15	13,36	12,97	13,11
2016.09.15	13,21	13,56	13,16	13,51
2016.09.16	13,34	13,42	13,16	13,16
2016.09.19	13,42	13,54	13,02	13,05
2016.09.20	13,45	13,63	13,33	13,5
2016.09.21	13,6	13,69	13,4	13,66
2016.09.22	13,89	14,09	13,84	14
2016.09.23	13,98	13,98	13,54	13,69
2016.09.26	13,59	13,69	13,39	13,4
2016.09.27	13,4	13,4	12,87	13,12
2016.09.28	13,3	13,85	13,12	13,85
2016.09.29	13,8	13,9	13,43	13,43
2016.09.30	13,53	13,77	13,44	13,57
2016.10.03	13,67	13,97	13,62	13,97
2016.10.04	13,98	14,12	13,83	14,02
2016.10.05	14,19	14,64	14,16	14,58
2016.10.06	14,71	15,1	14,62	15,1
2016.10.07	15,23	15,38	14,97	15,26
2016.10.10	15,52	15,77	15,51	15,73
2016.10.11	15,61	15,66	15,29	15,39
2016.10.13	15,19	15,82	15,03	15,76
2016.10.14	16,01	16,29	15,98	16,26
2016.10.17	16,24	16,9	16,07	16,9
2016.10.18	17,21	17,64	17,18	17,42
2016.10.19	17,72	17,79	17,34	17,62
2016.10.20	17,31	17,74	17,22	17,74
2016.10.21	17,65	18,09	17,48	17,95
2016.10.24	18,26	18,43	18	18,2
2016.10.25	18,22	18,29	17,71	18
2016.10.26	17,7	18,25	17,61	18,1
2016.10.27	18,11	18,49	18,09	18,09
2016.10.28	17,99	18,29	17,95	18,09
2016.10.31	18,03	18,17	17,61	17,69
2016.11.01	17,88	17,88	16,56	16,86
2016.11.03	16,63	17,03	16,13	16,13
2016.11.04	16,47	16,58	15,91	15,99
2016.11.07	16,71	17,21	16,71	17,21
2016.11.08	17,1	17,48	16,73	17,04
2016.11.09	15,85	17,1	15,81	16,65
2016.11.10	17,1	17,18	15,5	15,5
2016.11.11	15,18	15,46	13,94	14,01
2016.11.14	13,8	14,18	13,33	14
2016.11.16	14,55	14,96	14,18	14,74
2016.11.17	15,15	15,32	14,29	14,29
2016.11.18	14,37	14,69	14,21	14,52
2016.11.21	15,05	15,58	14,88	15,58
2016.11.22	15,93	16,08	15,25	15,93
2016.11.23	15,72	15,99	15,53	15,85
2016.11.24	15,9	15,9	15,58	15,58
2016.11.25	15,25	15,52	15,05	15,3
2016.11.28	15,2	15,56	15,2	15,46
2016.11.29	15,3	15,38	14,59	14,66
2016.11.30	15,9	16,19	15,61	16
2016.12.01	16	16,35	15,33	15,44
2016.12.02	15,12	15,91	14,75	15,83
2016.12.05	16,01	16,09	15,55	15,66
2016.12.06	16	16,2	15,74	16,15
2016.12.07	16,3	16,33	15,77	15,86
2016.12.08	15,97	16	15,52	15,7
2016.12.09	15,88	15,9	15,52	15,58
2016.12.12	15,79	15,95	15,48	15,6
2016.12.13	15,55	15,69	15,38	15,45
2016.12.14	15,43	15,47	14,74	14,74
2016.12.15	14,78	14,91	14,33	14,85
2016.12.16	14,9	15,14	14,76	14,76
2016.12.19	14,88	14,89	14,35	14,36
2016.12.20	14,46	14,59	14,1	14,35
2016.12.21	14,45	14,48	14,04	14,34
2016.12.22	14,46	14,46	14,01	14,01
2016.12.23	14,05	14,35	14,01	14,24
2016.12.26	14,32	14,45	14,27	14,42
2016.12.27	14,5	14,55	14,26	14,41
2016.12.28	14,43	14,81	14,36	14,78
2016.12.29	14,85	14,88	14,52	14,87
2017.01.02	14,64	14,7	14,6	14,66
2017.01.03	14,95	15,65	14,95	15,5
2017.01.04	15,45	15,68	15,31	15,5
2017.01.05	15,7	15,91	15,62	15,75
2017.01.06	15,78	15,92	15,5	15,66
2017.01.09	15,5	15,6	15,33	15,33
2017.01.10	15,6	15,68	15,39	15,48
2017.01.11	15,64	15,68	15,27	15,66
2017.01.12	16,15	16,25	15,9	15,9
2017.01.13	15,77	15,95	15,57	15,68
2017.01.16	15,7	15,75	15,58	15,75
2017.01.17	15,73	15,97	15,72	15,82
2017.01.18	15,8	15,93	15,71	15,79
2017.01.19	15,82	15,88	15,58	15,77
2017.01.20	15,84	16,19	15,81	16
2017.01.23	15,94	16,09	15,79	15,99
2017.01.24	16,12	16,43	15,97	16,04
2017.01.26	16,15	16,19	15,8	15,8
2017.01.27	15,73	15,87	15,54	15,62
2017.01.30	15,51	15,53	14,84	14,84
2017.01.31	14,99	15,37	14,9	15,02
2017.02.01	15,26	15,41	14,91	15,02
2017.02.02	14,99	15,28	14,86	14,89
2017.02.03	14,92	15,34	14,77	15,34
2017.02.06	15,38	15,47	14,95	14,96
2017.02.07	15,1	15,16	14,7	14,7
2017.02.08	14,77	15,1	14,27	15,1
2017.02.09	15,18	15,24	14,96	15,05
2017.02.10	15,2	15,63	15,14	15,58
2017.02.13	15,77	15,91	15,55	15,62
2017.02.14	15,74	15,95	15,56	15,82
2017.02.15	15,91	16,05	15,78	15,84
2017.02.16	15,84	16,07	15,75	15,86
2017.02.17	15,74	15,9	15,6	15,61
2017.02.20	15,74	15,98	15,65	15,92
2017.02.21	16,1	16,23	16,04	16,09
2017.02.22	16	16,02	15,57	15,7
2017.02.23	15,94	16,1	15,48	15,56
2017.02.24	15,35	15,47	15,1	15,18
2017.03.01	15,51	15,55	15,32	15,52
2017.03.02	15,44	15,45	14,99	15,11
2017.03.03	15,22	15,34	15,04	15,32
2017.03.06	15,11	15,47	15,04	15,1
2017.03.07	15,18	15,38	15,12	15,18
2017.03.08	15,16	15,18	14,55	14,55
2017.03.09	14,34	14,59	14,17	14,5
2017.03.10	14,72	14,88	14,24	14,31
2017.03.13	14,33	14,4	14,16	14,37
2017.03.14	14,07	14,1	13,59	13,59
2017.03.15	13,86	14,2	13,55	14,2
2017.03.16	14,26	14,32	13,68	13,71
2017.03.17	13,81	13,88	13,05	13,16
2017.03.20	12,98	13,67	12,91	13,6
2017.03.21	13,61	13,63	12,82	13
2017.03.22	13,2	13,72	13,03	13,66
2017.03.23	13,48	13,82	13,42	13,57
2017.03.24	13,7	13,77	13,34	13,48
2017.03.27	13,24	13,79	13,02	13,77
2017.03.28	13,9	14,11	13,77	13,95
2017.03.29	14,04	14,49	13,93	14,45
2017.03.30	14,55	14,64	14,35	14,45
2017.03.31	14,36	14,65	14,26	14,49
2017.04.03	14,54	14,75	14,53	14,67
2017.04.04	14,67	14,89	14,57	14,85
2017.04.05	15,05	15,16	14,5	14,57
2017.04.06	14,62	14,87	14,42	14,53
2017.04.07	14,61	14,9	14,6	14,7
2017.04.10	14,9	14,94	14,7	14,94
2017.04.11	14,97	14,99	14,55	14,68
2017.04.12	14,6	14,83	14,58	14,65
2017.04.13	14,65	14,69	14,08	14,08
2017.04.17	14,14	14,35	13,97	14,28
2017.04.18	14,15	14,37	13,95	14,1
2017.04.19	14,24	14,28	13,55	13,6
2017.04.20	13,8	13,9	13,63	13,88
2017.04.24	14,13	14,16	13,92	14,03
2017.04.25	13,9	14,34	13,8	14,34
2017.04.26	14,16	14,49	14	14
2017.04.27	13,99	14,03	13,56	13,73
2017.04.28	13,85	14,1	13,69	13,97
2017.05.02	14,06	14,34	13,85	13,99
2017.05.03	14,04	14,25	13,95	14,16
2017.05.04	14	14	13,58	13,6
2017.05.05	13,69	14,21	13,66	14,21
2017.05.08	14,13	14,35	13,98	14,08
2017.05.09	14,15	14,24	14,04	14,14
2017.05.10	14,34	14,75	14,31	14,73
2017.05.11	14,88	14,92	14,64	14,82
2017.05.12	15,5	15,58	15,35	15,45
2017.05.15	15,77	15,87	15,65	15,68
2017.05.16	15,77	15,78	15,52	15,7
2017.05.17	15,56	15,72	15,51	15,61
2017.05.18	12,45	14	12,45	13,15
2017.05.19	13,75	13,9	13,46	13,62
2017.05.22	13,35	13,51	13	13,4
2017.05.23	13,45	13,6	13,38	13,49
2017.05.24	13,75	14,09	13,69	13,94
2017.05.25	13,97	14,19	13,63	13,74
2017.05.26	13,47	13,79	13,4	13,68
2017.05.29	13,59	13,77	13,55	13,57
2017.05.30	13,55	13,64	13,36	13,36
2017.05.31	13,21	13,31	12,95	12,96
2017.06.01	13,16	13,29	12,82	12,82
2017.06.02	12,79	13,05	12,68	13,05
2017.06.05	12,96	13,24	12,92	13,18
2017.06.06	13,23	13,33	13,03	13,18
2017.06.07	13,28	13,34	12,81	12,87
2017.06.08	12,78	12,96	12,71	12,84
2017.06.09	12,96	13,1	12,83	12,85
2017.06.12	12,97	13,03	12,77	12,9
2017.06.13	12,95	13,02	12,77	12,94
2017.06.14	12,94	13,04	12,61	12,62
2017.06.16	12,58	12,59	12,21	12,28
2017.06.19	12,31	12,47	12,22	12,29
2017.06.20	12,12	12,13	11,76	11,86
2017.06.21	11,95	12,12	11,59	11,64
2017.06.22	11,76	12,04	11,72	12,04
2017.06.23	12,11	12,15	11,87	11,93
2017.06.26	12,1	12,3	12,04	12,27
2017.06.27	12,34	12,48	12,13	12,21
2017.06.28	12,27	12,32	12,01	12,08
2017.06.29	12,26	12,3	12,09	12,18
2017.06.30	12,25	12,48	12,19	12,37
2017.07.03	12,28	12,41	12,22	12,36
2017.07.04	12,34	12,43	12,32	12,43
2017.07.05	12,38	12,52	12,12	12,21
2017.07.06	12,28	12,36	12,08	12,17
2017.07.07	12,13	12,17	11,85	11,93
2017.07.10	11,83	12,01	11,74	11,98
2017.07.11	11,95	12,45	11,9	12,33
2017.07.12	12,64	12,99	12,51	12,94
2017.07.13	12,96	13,04	12,8	12,87
2017.07.14	12,96	13,06	12,91	13,05
2017.07.17	13,03	13,05	12,87	12,89
2017.07.18	13	13,02	12,83	12,94
2017.07.19	13	13,27	12,97	13,23
2017.07.20	13,29	13,35	13,03	13,1
2017.07.21	13	13,04	12,67	12,69
2017.07.24	12,83	12,92	12,77	12,88
2017.07.25	13,01	13,25	13,01	13,22
2017.07.26	13,3	13,34	12,98	12,98
2017.07.27	13,05	13,17	13	13
2017.07.28	12,98	13,13	12,91	13,13
2017.07.31	13,22	13,31	13,07	13,29
2017.08.01	13,3	13,32	13,08	13,12
2017.08.02	13,13	13,61	13,08	13,51
2017.08.03	13,57	13,66	13,31	13,31
2017.08.04	13,41	13,48	13,26	13,4
2017.08.07	13,35	13,62	13,33	13,55
2017.08.08	13,5	13,69	13,46	13,49
2017.08.09	13,51	13,61	13,44	13,52
2017.08.10	13,6	13,66	13,15	13,19
2017.08.11	13,14	13,2	12,94	12,95
2017.08.14	12,98	13,22	12,91	13,08
2017.08.15	13,08	13,24	13,05	13,15
2017.08.16	13,3	13,38	13,1	13,13
2017.08.17	13,12	13,26	13,02	13,05
2017.08.18	13,16	13,6	13,16	13,6
2017.08.21	13,64	13,66	13,28	13,34
2017.08.22	13,7	13,87	13,64	13,79
2017.08.23	13,78	13,93	13,65	13,76
2017.08.24	13,78	13,89	13,68	13,8
2017.08.25	13,87	13,94	13,81	13,88
2017.08.28	13,93	14,03	13,76	13,87
2017.08.29	13,76	13,85	13,68	13,85
2017.08.30	13,79	13,9	13,44	13,45
2017.08.31	13,53	13,77	13,47	13,65
2017.09.01	13,85	14,19	13,82	14,02
2017.09.04	13,96	14,18	13,94	14,17
2017.09.05	14,57	14,65	14,23	14,41
2017.09.06	14,65	15,02	14,51	15,02
2017.09.08	15,1	15,15	14,69	14,71
2017.09.11	14,88	15,05	14,81	14,99
2017.09.12	14,98	15,16	14,86	14,87
2017.09.13	14,94	15,1	14,81	15,03
2017.09.14	15,03	15,26	15,02	15,04
2017.09.15	15,07	15,17	14,99	15,04
2017.09.18	15,02	15,19	14,98	15,04
2017.09.19	15,1	15,17	14,92	15,14
2017.09.20	15,25	15,88	15,07	15,87
2017.09.21	15,85	15,96	15,58	15,67
2017.09.22	15,6	15,8	15,43	15,69
2017.09.25	15,79	15,96	15,7	15,84
2017.09.26	15,86	15,9	15,56	15,56
2017.09.27	15,7	15,72	15,11	15,31
2017.09.28	15,37	15,5	15,22	15,34
2017.09.29	15,5	15,52	15,3	15,3
2017.10.02	15,19	15,4	15,06	15,4
2017.10.03	15,6	15,98	15,52	15,98
2017.10.04	15,9	15,94	15,65	15,66
2017.10.05	15,88	16,11	15,85	15,9
2017.10.06	15,66	15,77	15,54	15,69
2017.10.09	15,61	15,89	15,59	15,89
2017.10.10	16,13	16,19	16,01	16,19
2017.10.11	16,17	16,25	16,01	16,08
2017.10.13	16,23	16,29	16,06	16,08
2017.10.16	16,16	16,26	16	16,12
2017.10.17	16,14	16,22	16,07	16,13
2017.10.18	16,22	16,28	16,13	16,16
2017.10.19	16	16,16	15,9	16,15
2017.10.20	16,19	16,39	16,17	16,22
2017.10.23	16,29	16,29	16,12	16,2
2017.10.24	16,28	16,51	16,17	16,51
2017.10.25	16,53	16,73	16,45	16,72
2017.10.26	16,78	16,89	16,66	16,73
2017.10.27	16,77	17,09	16,65	17,03
2017.10.30	16,97	17,17	16,74	16,78
2017.10.31	16,9	16,95	16,72	16,77
2017.11.01	16,99	17,1	16,88	16,9
2017.11.03	16,96	17,01	16,68	16,94
2017.11.06	17,05	17,44	16,98	17,43
2017.11.07	17,31	17,35	16,5	16,5
2017.11.08	16,69	16,95	16,51	16,95
2017.11.09	16,89	16,94	16,72	16,72
2017.11.10	16,71	16,81	16,51	16,72
2017.11.13	16,69	16,77	16,39	16,64
2017.11.14	16,5	16,52	15,28	15,35
2017.11.16	15,62	16,04	15,48	15,81
2017.11.17	15,92	16,12	15,81	16,02
2017.11.21	16,15	16,31	15,85	15,9
2017.11.22	16,09	16,24	15,93	16,11
2017.11.23	15,98	16,26	15,94	16,19
2017.11.24	16,25	16,37	16,04	16,1
2017.11.27	16,01	16,02	15,78	15,87
2017.11.28	15,93	16,04	15,81	15,84
2017.11.29	15,87	15,92	15,32	15,33
2017.11.30	15,3	15,47	14,99	15,38
2017.12.01	15,34	15,77	15,26	15,61
2017.12.04	15,65	15,8	15,46	15,48
2017.12.05	15,5	15,83	15,21	15,31
2017.12.06	15,22	15,7	15,14	15,52
2017.12.07	15,3	15,49	15,07	15,26
2017.12.08	15,51	15,68	15,35	15,35
2017.12.11	15,48	15,57	15,37	15,38
2017.12.12	15,36	15,49	15,18	15,49
2017.12.13	15,65	15,68	15,11	15,18
2017.12.14	15,1	15,31	15	15,01
2017.12.15	15,05	15,24	14,95	14,95
2017.12.18	15,16	15,33	15,13	15,22
2017.12.19	15,18	15,25	15,06	15,14
2017.12.20	15,21	15,3	15,17	15,24
2017.12.21	15,31	15,87	15,3	15,86
2017.12.22	15,75	15,89	15,69	15,75
2017.12.26	15,75	15,99	15,69	15,97
2017.12.27	15,99	16,14	15,98	16,05
2017.12.28	16,1	16,13	16	16,1
2018.01.02	16,19	16,55	16,19	16,55
2018.01.03	16,49	16,72	16,37	16,7
2018.01.04	16,78	16,96	16,62	16,73
2018.01.05	16,7	16,86	16,57	16,83
2018.01.08	16,74	17,03	16,71	17,03
2018.01.09	17,03	17,16	16,96	17,03
2018.01.10	16,92	17,05	16,77	16,8
2018.01.11	16,88	17,3	16,84	17,25
2018.01.12	17,04	17,41	17,02	17,3
2018.01.15	17,32	17,44	17,15	17,35
2018.01.16	17,35	17,84	17,3	17,65
2018.01.17	17,92	18,36	17,81	18,36
2018.01.18	18,35	18,53	17,93	18,22
2018.01.19	18,31	18,42	18,03	18,26
2018.01.22	18,26	18,47	18,09	18,47
2018.01.23	18,4	18,46	18	18,29
2018.01.24	18,42	19,63	18,42	19,34
2018.01.26	19,62	19,98	19,1	19,93
2018.01.29	19,67	20,05	19,57	19,85
2018.01.30	19,77	19,77	19,36	19,49
2018.01.31	19,74	19,93	19,68	19,7
2018.02.01	19,76	20,62	19,76	20,52
2018.02.02	20,3	20,42	19,85	19,97
2018.02.05	19,65	19,97	19,04	19,04
2018.02.06	18,66	19,99	18,62	19,99
2018.02.07	19,97	20,22	19,36	19,44
2018.02.08	19,55	19,74	18,8	19,05
2018.02.09	19,03	19,39	18,51	18,77
2018.02.14	19,01	19,36	18,96	19,25
2018.02.15	19,5	19,54	19,17	19,4
2018.02.16	19,46	19,58	19,31	19,42
2018.02.19	19,55	20,1	19,55	20,05
2018.02.20	19,88	20,82	19,82	20,44
2018.02.21	20,59	20,88	20,25	20,25
2018.02.22	20,59	20,82	20,54	20,74
2018.02.23	20,95	21,14	20,62	21,12
2018.02.26	21,4	21,69	21,38	21,52
2018.02.27	21,47	21,85	21,34	21,5
2018.02.28	21,63	21,77	21,18	21,46
2018.03.01	21,4	21,46	20,76	21,03
2018.03.02	20,7	21,51	20,51	21,51
2018.03.05	21,49	22,17	21,36	22,12
2018.03.06	22,5	22,63	21,86	21,9
2018.03.07	21,69	21,97	21,37	21,67
2018.03.08	21,85	21,88	21,32	21,7
2018.03.09	21,78	22,39	21,59	22,39
2018.03.12	22,54	22,59	22,23	22,33
2018.03.13	22,45	22,54	22,06	22,11
2018.03.14	22,3	22,44	22,09	22,38
2018.03.15	22,05	22,18	21,31	21,31
2018.03.16	21,47	21,74	21,23	21,43
2018.03.19	21,27	21,36	20,86	20,93
2018.03.20	21,18	21,41	21,11	21,16
2018.03.21	21,25	22,09	21,2	22,05
2018.03.22	21,86	22,04	21,58	21,72
2018.03.23	21,61	22,11	21,53	21,75
2018.03.26	22,07	22,2	21,84	22,03
2018.03.27	22,14	22,18	21,37	21,44
2018.03.28	21,26	21,41	20,99	21,2
2018.03.29	21,26	21,56	21,23	21,41
2018.04.02	21,36	21,46	20,77	20,9
2018.04.03	21,11	21,19	20,66	20,71
2018.04.04	20,31	20,6	20,11	20,38
2018.04.05	21,15	21,33	21,03	21,15
2018.04.06	20,98	21,28	20,83	21,28
2018.04.09	21,43	21,44	20,53	20,53
2018.04.10	20,91	21,51	20,76	21,4
2018.04.11	21,35	21,9	21,33	21,8
2018.04.12	21,79	21,94	21,68	21,68
2018.04.13	21,64	21,74	21,06	21,2
2018.04.16	21,05	21,24	20,6	20,62
2018.04.17	20,7	21,08	20,62	21,03
2018.04.18	21,35	21,87	21,31	21,8
2018.04.19	22,07	22,4	21,93	22,2
2018.04.20	22,06	22,46	21,9	22,36
